/*--------------------------------*- C++ -*----------------------------------*\
| =========                 |                                                 |
| \\      /  F ield         | OpenFOAM: The Open Source CFD Toolbox           |
|  \\    /   O peration     | Version:  2412                                  |
|   \\  /    A nd           | Website:  www.openfoam.com                      |
|    \\/     M anipulation  |                                                 |
\*---------------------------------------------------------------------------*/
FoamFile
{
    version     2.0;
    format      ascii;
    arch        "LSB;label=32;scalar=64";
    class       vectorField;
    location    "constant/polyMesh";
    object      points;
}
// * * * * * * * * * * * * * * * * * * * * * * * * * * * * * * * * * * * * * //


1922
(
(-0.002 0 0)
(0.002 0 0)
(-0.002 0.03666666667 0)
(0.002 0.03666666667 0)
(-0.002 0.07333333333 0)
(0.002 0.07333333333 0)
(-0.002 0.11 0)
(0.002 0.11 0)
(-0.002 0.1466666667 0)
(0.002 0.1466666667 0)
(-0.002 0.1833333333 0)
(0.002 0.1833333333 0)
(-0.002 0.22 0)
(0.002 0.22 0)
(-0.002 0.2566666667 0)
(0.002 0.2566666667 0)
(-0.002 0.2933333333 0)
(0.002 0.2933333333 0)
(-0.002 0.33 0)
(0.002 0.33 0)
(-0.002 0.3666666667 0)
(0.002 0.3666666667 0)
(-0.002 0.4033333333 0)
(0.002 0.4033333333 0)
(-0.002 0.44 0)
(0.002 0.44 0)
(-0.002 0.4766666667 0)
(0.002 0.4766666667 0)
(-0.002 0.5133333333 0)
(0.002 0.5133333333 0)
(-0.002 0.55 0)
(0.002 0.55 0)
(-0.002 0.5866666667 0)
(0.002 0.5866666667 0)
(-0.002 0.6233333333 0)
(0.002 0.6233333333 0)
(-0.002 0.66 0)
(0.002 0.66 0)
(-0.002 0.6966666667 0)
(0.002 0.6966666667 0)
(-0.002 0.7333333333 0)
(0.002 0.7333333333 0)
(-0.002 0.77 0)
(0.002 0.77 0)
(-0.002 0.8066666667 0)
(0.002 0.8066666667 0)
(-0.002 0.8433333333 0)
(0.002 0.8433333333 0)
(-0.002 0.88 0)
(0.002 0.88 0)
(-0.002 0.9166666667 0)
(0.002 0.9166666667 0)
(-0.002 0.9533333333 0)
(0.002 0.9533333333 0)
(-0.002 0.99 0)
(0.002 0.99 0)
(-0.002 1.026666667 0)
(0.002 1.026666667 0)
(-0.002 1.063333333 0)
(0.002 1.063333333 0)
(-0.002 1.1 0)
(0.002 1.1 0)
(-0.002 0 0.03333333333)
(0.002 0 0.03333333333)
(-0.002 0.03666666667 0.03333333333)
(0.002 0.03666666667 0.03333333333)
(-0.002 0.07333333333 0.03333333333)
(0.002 0.07333333333 0.03333333333)
(-0.002 0.11 0.03333333333)
(0.002 0.11 0.03333333333)
(-0.002 0.1466666667 0.03333333333)
(0.002 0.1466666667 0.03333333333)
(-0.002 0.1833333333 0.03333333333)
(0.002 0.1833333333 0.03333333333)
(-0.002 0.22 0.03333333333)
(0.002 0.22 0.03333333333)
(-0.002 0.2566666667 0.03333333333)
(0.002 0.2566666667 0.03333333333)
(-0.002 0.2933333333 0.03333333333)
(0.002 0.2933333333 0.03333333333)
(-0.002 0.33 0.03333333333)
(0.002 0.33 0.03333333333)
(-0.002 0.3666666667 0.03333333333)
(0.002 0.3666666667 0.03333333333)
(-0.002 0.4033333333 0.03333333333)
(0.002 0.4033333333 0.03333333333)
(-0.002 0.44 0.03333333333)
(0.002 0.44 0.03333333333)
(-0.002 0.4766666667 0.03333333333)
(0.002 0.4766666667 0.03333333333)
(-0.002 0.5133333333 0.03333333333)
(0.002 0.5133333333 0.03333333333)
(-0.002 0.55 0.03333333333)
(0.002 0.55 0.03333333333)
(-0.002 0.5866666667 0.03333333333)
(0.002 0.5866666667 0.03333333333)
(-0.002 0.6233333333 0.03333333333)
(0.002 0.6233333333 0.03333333333)
(-0.002 0.66 0.03333333333)
(0.002 0.66 0.03333333333)
(-0.002 0.6966666667 0.03333333333)
(0.002 0.6966666667 0.03333333333)
(-0.002 0.7333333333 0.03333333333)
(0.002 0.7333333333 0.03333333333)
(-0.002 0.77 0.03333333333)
(0.002 0.77 0.03333333333)
(-0.002 0.8066666667 0.03333333333)
(0.002 0.8066666667 0.03333333333)
(-0.002 0.8433333333 0.03333333333)
(0.002 0.8433333333 0.03333333333)
(-0.002 0.88 0.03333333333)
(0.002 0.88 0.03333333333)
(-0.002 0.9166666667 0.03333333333)
(0.002 0.9166666667 0.03333333333)
(-0.002 0.9533333333 0.03333333333)
(0.002 0.9533333333 0.03333333333)
(-0.002 0.99 0.03333333333)
(0.002 0.99 0.03333333333)
(-0.002 1.026666667 0.03333333333)
(0.002 1.026666667 0.03333333333)
(-0.002 1.063333333 0.03333333333)
(0.002 1.063333333 0.03333333333)
(-0.002 1.1 0.03333333333)
(0.002 1.1 0.03333333333)
(-0.002 0 0.06666666667)
(0.002 0 0.06666666667)
(-0.002 0.03666666667 0.06666666667)
(0.002 0.03666666667 0.06666666667)
(-0.002 0.07333333333 0.06666666667)
(0.002 0.07333333333 0.06666666667)
(-0.002 0.11 0.06666666667)
(0.002 0.11 0.06666666667)
(-0.002 0.1466666667 0.06666666667)
(0.002 0.1466666667 0.06666666667)
(-0.002 0.1833333333 0.06666666667)
(0.002 0.1833333333 0.06666666667)
(-0.002 0.22 0.06666666667)
(0.002 0.22 0.06666666667)
(-0.002 0.2566666667 0.06666666667)
(0.002 0.2566666667 0.06666666667)
(-0.002 0.2933333333 0.06666666667)
(0.002 0.2933333333 0.06666666667)
(-0.002 0.33 0.06666666667)
(0.002 0.33 0.06666666667)
(-0.002 0.3666666667 0.06666666667)
(0.002 0.3666666667 0.06666666667)
(-0.002 0.4033333333 0.06666666667)
(0.002 0.4033333333 0.06666666667)
(-0.002 0.44 0.06666666667)
(0.002 0.44 0.06666666667)
(-0.002 0.4766666667 0.06666666667)
(0.002 0.4766666667 0.06666666667)
(-0.002 0.5133333333 0.06666666667)
(0.002 0.5133333333 0.06666666667)
(-0.002 0.55 0.06666666667)
(0.002 0.55 0.06666666667)
(-0.002 0.5866666667 0.06666666667)
(0.002 0.5866666667 0.06666666667)
(-0.002 0.6233333333 0.06666666667)
(0.002 0.6233333333 0.06666666667)
(-0.002 0.66 0.06666666667)
(0.002 0.66 0.06666666667)
(-0.002 0.6966666667 0.06666666667)
(0.002 0.6966666667 0.06666666667)
(-0.002 0.7333333333 0.06666666667)
(0.002 0.7333333333 0.06666666667)
(-0.002 0.77 0.06666666667)
(0.002 0.77 0.06666666667)
(-0.002 0.8066666667 0.06666666667)
(0.002 0.8066666667 0.06666666667)
(-0.002 0.8433333333 0.06666666667)
(0.002 0.8433333333 0.06666666667)
(-0.002 0.88 0.06666666667)
(0.002 0.88 0.06666666667)
(-0.002 0.9166666667 0.06666666667)
(0.002 0.9166666667 0.06666666667)
(-0.002 0.9533333333 0.06666666667)
(0.002 0.9533333333 0.06666666667)
(-0.002 0.99 0.06666666667)
(0.002 0.99 0.06666666667)
(-0.002 1.026666667 0.06666666667)
(0.002 1.026666667 0.06666666667)
(-0.002 1.063333333 0.06666666667)
(0.002 1.063333333 0.06666666667)
(-0.002 1.1 0.06666666667)
(0.002 1.1 0.06666666667)
(-0.002 0 0.1)
(0.002 0 0.1)
(-0.002 0.03666666667 0.1)
(0.002 0.03666666667 0.1)
(-0.002 0.07333333333 0.1)
(0.002 0.07333333333 0.1)
(-0.002 0.11 0.1)
(0.002 0.11 0.1)
(-0.002 0.1466666667 0.1)
(0.002 0.1466666667 0.1)
(-0.002 0.1833333333 0.1)
(0.002 0.1833333333 0.1)
(-0.002 0.22 0.1)
(0.002 0.22 0.1)
(-0.002 0.2566666667 0.1)
(0.002 0.2566666667 0.1)
(-0.002 0.2933333333 0.1)
(0.002 0.2933333333 0.1)
(-0.002 0.33 0.1)
(0.002 0.33 0.1)
(-0.002 0.3666666667 0.1)
(0.002 0.3666666667 0.1)
(-0.002 0.4033333333 0.1)
(0.002 0.4033333333 0.1)
(-0.002 0.44 0.1)
(0.002 0.44 0.1)
(-0.002 0.4766666667 0.1)
(0.002 0.4766666667 0.1)
(-0.002 0.5133333333 0.1)
(0.002 0.5133333333 0.1)
(-0.002 0.55 0.1)
(0.002 0.55 0.1)
(-0.002 0.5866666667 0.1)
(0.002 0.5866666667 0.1)
(-0.002 0.6233333333 0.1)
(0.002 0.6233333333 0.1)
(-0.002 0.66 0.1)
(0.002 0.66 0.1)
(-0.002 0.6966666667 0.1)
(0.002 0.6966666667 0.1)
(-0.002 0.7333333333 0.1)
(0.002 0.7333333333 0.1)
(-0.002 0.77 0.1)
(0.002 0.77 0.1)
(-0.002 0.8066666667 0.1)
(0.002 0.8066666667 0.1)
(-0.002 0.8433333333 0.1)
(0.002 0.8433333333 0.1)
(-0.002 0.88 0.1)
(0.002 0.88 0.1)
(-0.002 0.9166666667 0.1)
(0.002 0.9166666667 0.1)
(-0.002 0.9533333333 0.1)
(0.002 0.9533333333 0.1)
(-0.002 0.99 0.1)
(0.002 0.99 0.1)
(-0.002 1.026666667 0.1)
(0.002 1.026666667 0.1)
(-0.002 1.063333333 0.1)
(0.002 1.063333333 0.1)
(-0.002 1.1 0.1)
(0.002 1.1 0.1)
(-0.002 0 0.1333333333)
(0.002 0 0.1333333333)
(-0.002 0.03666666667 0.1333333333)
(0.002 0.03666666667 0.1333333333)
(-0.002 0.07333333333 0.1333333333)
(0.002 0.07333333333 0.1333333333)
(-0.002 0.11 0.1333333333)
(0.002 0.11 0.1333333333)
(-0.002 0.1466666667 0.1333333333)
(0.002 0.1466666667 0.1333333333)
(-0.002 0.1833333333 0.1333333333)
(0.002 0.1833333333 0.1333333333)
(-0.002 0.22 0.1333333333)
(0.002 0.22 0.1333333333)
(-0.002 0.2566666667 0.1333333333)
(0.002 0.2566666667 0.1333333333)
(-0.002 0.2933333333 0.1333333333)
(0.002 0.2933333333 0.1333333333)
(-0.002 0.33 0.1333333333)
(0.002 0.33 0.1333333333)
(-0.002 0.3666666667 0.1333333333)
(0.002 0.3666666667 0.1333333333)
(-0.002 0.4033333333 0.1333333333)
(0.002 0.4033333333 0.1333333333)
(-0.002 0.44 0.1333333333)
(0.002 0.44 0.1333333333)
(-0.002 0.4766666667 0.1333333333)
(0.002 0.4766666667 0.1333333333)
(-0.002 0.5133333333 0.1333333333)
(0.002 0.5133333333 0.1333333333)
(-0.002 0.55 0.1333333333)
(0.002 0.55 0.1333333333)
(-0.002 0.5866666667 0.1333333333)
(0.002 0.5866666667 0.1333333333)
(-0.002 0.6233333333 0.1333333333)
(0.002 0.6233333333 0.1333333333)
(-0.002 0.66 0.1333333333)
(0.002 0.66 0.1333333333)
(-0.002 0.6966666667 0.1333333333)
(0.002 0.6966666667 0.1333333333)
(-0.002 0.7333333333 0.1333333333)
(0.002 0.7333333333 0.1333333333)
(-0.002 0.77 0.1333333333)
(0.002 0.77 0.1333333333)
(-0.002 0.8066666667 0.1333333333)
(0.002 0.8066666667 0.1333333333)
(-0.002 0.8433333333 0.1333333333)
(0.002 0.8433333333 0.1333333333)
(-0.002 0.88 0.1333333333)
(0.002 0.88 0.1333333333)
(-0.002 0.9166666667 0.1333333333)
(0.002 0.9166666667 0.1333333333)
(-0.002 0.9533333333 0.1333333333)
(0.002 0.9533333333 0.1333333333)
(-0.002 0.99 0.1333333333)
(0.002 0.99 0.1333333333)
(-0.002 1.026666667 0.1333333333)
(0.002 1.026666667 0.1333333333)
(-0.002 1.063333333 0.1333333333)
(0.002 1.063333333 0.1333333333)
(-0.002 1.1 0.1333333333)
(0.002 1.1 0.1333333333)
(-0.002 0 0.1666666667)
(0.002 0 0.1666666667)
(-0.002 0.03666666667 0.1666666667)
(0.002 0.03666666667 0.1666666667)
(-0.002 0.07333333333 0.1666666667)
(0.002 0.07333333333 0.1666666667)
(-0.002 0.11 0.1666666667)
(0.002 0.11 0.1666666667)
(-0.002 0.1466666667 0.1666666667)
(0.002 0.1466666667 0.1666666667)
(-0.002 0.1833333333 0.1666666667)
(0.002 0.1833333333 0.1666666667)
(-0.002 0.22 0.1666666667)
(0.002 0.22 0.1666666667)
(-0.002 0.2566666667 0.1666666667)
(0.002 0.2566666667 0.1666666667)
(-0.002 0.2933333333 0.1666666667)
(0.002 0.2933333333 0.1666666667)
(-0.002 0.33 0.1666666667)
(0.002 0.33 0.1666666667)
(-0.002 0.3666666667 0.1666666667)
(0.002 0.3666666667 0.1666666667)
(-0.002 0.4033333333 0.1666666667)
(0.002 0.4033333333 0.1666666667)
(-0.002 0.44 0.1666666667)
(0.002 0.44 0.1666666667)
(-0.002 0.4766666667 0.1666666667)
(0.002 0.4766666667 0.1666666667)
(-0.002 0.5133333333 0.1666666667)
(0.002 0.5133333333 0.1666666667)
(-0.002 0.55 0.1666666667)
(0.002 0.55 0.1666666667)
(-0.002 0.5866666667 0.1666666667)
(0.002 0.5866666667 0.1666666667)
(-0.002 0.6233333333 0.1666666667)
(0.002 0.6233333333 0.1666666667)
(-0.002 0.66 0.1666666667)
(0.002 0.66 0.1666666667)
(-0.002 0.6966666667 0.1666666667)
(0.002 0.6966666667 0.1666666667)
(-0.002 0.7333333333 0.1666666667)
(0.002 0.7333333333 0.1666666667)
(-0.002 0.77 0.1666666667)
(0.002 0.77 0.1666666667)
(-0.002 0.8066666667 0.1666666667)
(0.002 0.8066666667 0.1666666667)
(-0.002 0.8433333333 0.1666666667)
(0.002 0.8433333333 0.1666666667)
(-0.002 0.88 0.1666666667)
(0.002 0.88 0.1666666667)
(-0.002 0.9166666667 0.1666666667)
(0.002 0.9166666667 0.1666666667)
(-0.002 0.9533333333 0.1666666667)
(0.002 0.9533333333 0.1666666667)
(-0.002 0.99 0.1666666667)
(0.002 0.99 0.1666666667)
(-0.002 1.026666667 0.1666666667)
(0.002 1.026666667 0.1666666667)
(-0.002 1.063333333 0.1666666667)
(0.002 1.063333333 0.1666666667)
(-0.002 1.1 0.1666666667)
(0.002 1.1 0.1666666667)
(-0.002 0 0.2)
(0.002 0 0.2)
(-0.002 0.03666666667 0.2)
(0.002 0.03666666667 0.2)
(-0.002 0.07333333333 0.2)
(0.002 0.07333333333 0.2)
(-0.002 0.11 0.2)
(0.002 0.11 0.2)
(-0.002 0.1466666667 0.2)
(0.002 0.1466666667 0.2)
(-0.002 0.1833333333 0.2)
(0.002 0.1833333333 0.2)
(-0.002 0.22 0.2)
(0.002 0.22 0.2)
(-0.002 0.2566666667 0.2)
(0.002 0.2566666667 0.2)
(-0.002 0.2933333333 0.2)
(0.002 0.2933333333 0.2)
(-0.002 0.33 0.2)
(0.002 0.33 0.2)
(-0.002 0.3666666667 0.2)
(0.002 0.3666666667 0.2)
(-0.002 0.4033333333 0.2)
(0.002 0.4033333333 0.2)
(-0.002 0.44 0.2)
(0.002 0.44 0.2)
(-0.002 0.4766666667 0.2)
(0.002 0.4766666667 0.2)
(-0.002 0.5133333333 0.2)
(0.002 0.5133333333 0.2)
(-0.002 0.55 0.2)
(0.002 0.55 0.2)
(-0.002 0.5866666667 0.2)
(0.002 0.5866666667 0.2)
(-0.002 0.6233333333 0.2)
(0.002 0.6233333333 0.2)
(-0.002 0.66 0.2)
(0.002 0.66 0.2)
(-0.002 0.6966666667 0.2)
(0.002 0.6966666667 0.2)
(-0.002 0.7333333333 0.2)
(0.002 0.7333333333 0.2)
(-0.002 0.77 0.2)
(0.002 0.77 0.2)
(-0.002 0.8066666667 0.2)
(0.002 0.8066666667 0.2)
(-0.002 0.8433333333 0.2)
(0.002 0.8433333333 0.2)
(-0.002 0.88 0.2)
(0.002 0.88 0.2)
(-0.002 0.9166666667 0.2)
(0.002 0.9166666667 0.2)
(-0.002 0.9533333333 0.2)
(0.002 0.9533333333 0.2)
(-0.002 0.99 0.2)
(0.002 0.99 0.2)
(-0.002 1.026666667 0.2)
(0.002 1.026666667 0.2)
(-0.002 1.063333333 0.2)
(0.002 1.063333333 0.2)
(-0.002 1.1 0.2)
(0.002 1.1 0.2)
(-0.002 0 0.2333333333)
(0.002 0 0.2333333333)
(-0.002 0.03666666667 0.2333333333)
(0.002 0.03666666667 0.2333333333)
(-0.002 0.07333333333 0.2333333333)
(0.002 0.07333333333 0.2333333333)
(-0.002 0.11 0.2333333333)
(0.002 0.11 0.2333333333)
(-0.002 0.1466666667 0.2333333333)
(0.002 0.1466666667 0.2333333333)
(-0.002 0.1833333333 0.2333333333)
(0.002 0.1833333333 0.2333333333)
(-0.002 0.22 0.2333333333)
(0.002 0.22 0.2333333333)
(-0.002 0.2566666667 0.2333333333)
(0.002 0.2566666667 0.2333333333)
(-0.002 0.2933333333 0.2333333333)
(0.002 0.2933333333 0.2333333333)
(-0.002 0.33 0.2333333333)
(0.002 0.33 0.2333333333)
(-0.002 0.3666666667 0.2333333333)
(0.002 0.3666666667 0.2333333333)
(-0.002 0.4033333333 0.2333333333)
(0.002 0.4033333333 0.2333333333)
(-0.002 0.44 0.2333333333)
(0.002 0.44 0.2333333333)
(-0.002 0.4766666667 0.2333333333)
(0.002 0.4766666667 0.2333333333)
(-0.002 0.5133333333 0.2333333333)
(0.002 0.5133333333 0.2333333333)
(-0.002 0.55 0.2333333333)
(0.002 0.55 0.2333333333)
(-0.002 0.5866666667 0.2333333333)
(0.002 0.5866666667 0.2333333333)
(-0.002 0.6233333333 0.2333333333)
(0.002 0.6233333333 0.2333333333)
(-0.002 0.66 0.2333333333)
(0.002 0.66 0.2333333333)
(-0.002 0.6966666667 0.2333333333)
(0.002 0.6966666667 0.2333333333)
(-0.002 0.7333333333 0.2333333333)
(0.002 0.7333333333 0.2333333333)
(-0.002 0.77 0.2333333333)
(0.002 0.77 0.2333333333)
(-0.002 0.8066666667 0.2333333333)
(0.002 0.8066666667 0.2333333333)
(-0.002 0.8433333333 0.2333333333)
(0.002 0.8433333333 0.2333333333)
(-0.002 0.88 0.2333333333)
(0.002 0.88 0.2333333333)
(-0.002 0.9166666667 0.2333333333)
(0.002 0.9166666667 0.2333333333)
(-0.002 0.9533333333 0.2333333333)
(0.002 0.9533333333 0.2333333333)
(-0.002 0.99 0.2333333333)
(0.002 0.99 0.2333333333)
(-0.002 1.026666667 0.2333333333)
(0.002 1.026666667 0.2333333333)
(-0.002 1.063333333 0.2333333333)
(0.002 1.063333333 0.2333333333)
(-0.002 1.1 0.2333333333)
(0.002 1.1 0.2333333333)
(-0.002 0 0.2666666667)
(0.002 0 0.2666666667)
(-0.002 0.03666666667 0.2666666667)
(0.002 0.03666666667 0.2666666667)
(-0.002 0.07333333333 0.2666666667)
(0.002 0.07333333333 0.2666666667)
(-0.002 0.11 0.2666666667)
(0.002 0.11 0.2666666667)
(-0.002 0.1466666667 0.2666666667)
(0.002 0.1466666667 0.2666666667)
(-0.002 0.1833333333 0.2666666667)
(0.002 0.1833333333 0.2666666667)
(-0.002 0.22 0.2666666667)
(0.002 0.22 0.2666666667)
(-0.002 0.2566666667 0.2666666667)
(0.002 0.2566666667 0.2666666667)
(-0.002 0.2933333333 0.2666666667)
(0.002 0.2933333333 0.2666666667)
(-0.002 0.33 0.2666666667)
(0.002 0.33 0.2666666667)
(-0.002 0.3666666667 0.2666666667)
(0.002 0.3666666667 0.2666666667)
(-0.002 0.4033333333 0.2666666667)
(0.002 0.4033333333 0.2666666667)
(-0.002 0.44 0.2666666667)
(0.002 0.44 0.2666666667)
(-0.002 0.4766666667 0.2666666667)
(0.002 0.4766666667 0.2666666667)
(-0.002 0.5133333333 0.2666666667)
(0.002 0.5133333333 0.2666666667)
(-0.002 0.55 0.2666666667)
(0.002 0.55 0.2666666667)
(-0.002 0.5866666667 0.2666666667)
(0.002 0.5866666667 0.2666666667)
(-0.002 0.6233333333 0.2666666667)
(0.002 0.6233333333 0.2666666667)
(-0.002 0.66 0.2666666667)
(0.002 0.66 0.2666666667)
(-0.002 0.6966666667 0.2666666667)
(0.002 0.6966666667 0.2666666667)
(-0.002 0.7333333333 0.2666666667)
(0.002 0.7333333333 0.2666666667)
(-0.002 0.77 0.2666666667)
(0.002 0.77 0.2666666667)
(-0.002 0.8066666667 0.2666666667)
(0.002 0.8066666667 0.2666666667)
(-0.002 0.8433333333 0.2666666667)
(0.002 0.8433333333 0.2666666667)
(-0.002 0.88 0.2666666667)
(0.002 0.88 0.2666666667)
(-0.002 0.9166666667 0.2666666667)
(0.002 0.9166666667 0.2666666667)
(-0.002 0.9533333333 0.2666666667)
(0.002 0.9533333333 0.2666666667)
(-0.002 0.99 0.2666666667)
(0.002 0.99 0.2666666667)
(-0.002 1.026666667 0.2666666667)
(0.002 1.026666667 0.2666666667)
(-0.002 1.063333333 0.2666666667)
(0.002 1.063333333 0.2666666667)
(-0.002 1.1 0.2666666667)
(0.002 1.1 0.2666666667)
(-0.002 0 0.3)
(0.002 0 0.3)
(-0.002 0.03666666667 0.3)
(0.002 0.03666666667 0.3)
(-0.002 0.07333333333 0.3)
(0.002 0.07333333333 0.3)
(-0.002 0.11 0.3)
(0.002 0.11 0.3)
(-0.002 0.1466666667 0.3)
(0.002 0.1466666667 0.3)
(-0.002 0.1833333333 0.3)
(0.002 0.1833333333 0.3)
(-0.002 0.22 0.3)
(0.002 0.22 0.3)
(-0.002 0.2566666667 0.3)
(0.002 0.2566666667 0.3)
(-0.002 0.2933333333 0.3)
(0.002 0.2933333333 0.3)
(-0.002 0.33 0.3)
(0.002 0.33 0.3)
(-0.002 0.3666666667 0.3)
(0.002 0.3666666667 0.3)
(-0.002 0.4033333333 0.3)
(0.002 0.4033333333 0.3)
(-0.002 0.44 0.3)
(0.002 0.44 0.3)
(-0.002 0.4766666667 0.3)
(0.002 0.4766666667 0.3)
(-0.002 0.5133333333 0.3)
(0.002 0.5133333333 0.3)
(-0.002 0.55 0.3)
(0.002 0.55 0.3)
(-0.002 0.5866666667 0.3)
(0.002 0.5866666667 0.3)
(-0.002 0.6233333333 0.3)
(0.002 0.6233333333 0.3)
(-0.002 0.66 0.3)
(0.002 0.66 0.3)
(-0.002 0.6966666667 0.3)
(0.002 0.6966666667 0.3)
(-0.002 0.7333333333 0.3)
(0.002 0.7333333333 0.3)
(-0.002 0.77 0.3)
(0.002 0.77 0.3)
(-0.002 0.8066666667 0.3)
(0.002 0.8066666667 0.3)
(-0.002 0.8433333333 0.3)
(0.002 0.8433333333 0.3)
(-0.002 0.88 0.3)
(0.002 0.88 0.3)
(-0.002 0.9166666667 0.3)
(0.002 0.9166666667 0.3)
(-0.002 0.9533333333 0.3)
(0.002 0.9533333333 0.3)
(-0.002 0.99 0.3)
(0.002 0.99 0.3)
(-0.002 1.026666667 0.3)
(0.002 1.026666667 0.3)
(-0.002 1.063333333 0.3)
(0.002 1.063333333 0.3)
(-0.002 1.1 0.3)
(0.002 1.1 0.3)
(-0.002 0 0.3333333333)
(0.002 0 0.3333333333)
(-0.002 0.03666666667 0.3333333333)
(0.002 0.03666666667 0.3333333333)
(-0.002 0.07333333333 0.3333333333)
(0.002 0.07333333333 0.3333333333)
(-0.002 0.11 0.3333333333)
(0.002 0.11 0.3333333333)
(-0.002 0.1466666667 0.3333333333)
(0.002 0.1466666667 0.3333333333)
(-0.002 0.1833333333 0.3333333333)
(0.002 0.1833333333 0.3333333333)
(-0.002 0.22 0.3333333333)
(0.002 0.22 0.3333333333)
(-0.002 0.2566666667 0.3333333333)
(0.002 0.2566666667 0.3333333333)
(-0.002 0.2933333333 0.3333333333)
(0.002 0.2933333333 0.3333333333)
(-0.002 0.33 0.3333333333)
(0.002 0.33 0.3333333333)
(-0.002 0.3666666667 0.3333333333)
(0.002 0.3666666667 0.3333333333)
(-0.002 0.4033333333 0.3333333333)
(0.002 0.4033333333 0.3333333333)
(-0.002 0.44 0.3333333333)
(0.002 0.44 0.3333333333)
(-0.002 0.4766666667 0.3333333333)
(0.002 0.4766666667 0.3333333333)
(-0.002 0.5133333333 0.3333333333)
(0.002 0.5133333333 0.3333333333)
(-0.002 0.55 0.3333333333)
(0.002 0.55 0.3333333333)
(-0.002 0.5866666667 0.3333333333)
(0.002 0.5866666667 0.3333333333)
(-0.002 0.6233333333 0.3333333333)
(0.002 0.6233333333 0.3333333333)
(-0.002 0.66 0.3333333333)
(0.002 0.66 0.3333333333)
(-0.002 0.6966666667 0.3333333333)
(0.002 0.6966666667 0.3333333333)
(-0.002 0.7333333333 0.3333333333)
(0.002 0.7333333333 0.3333333333)
(-0.002 0.77 0.3333333333)
(0.002 0.77 0.3333333333)
(-0.002 0.8066666667 0.3333333333)
(0.002 0.8066666667 0.3333333333)
(-0.002 0.8433333333 0.3333333333)
(0.002 0.8433333333 0.3333333333)
(-0.002 0.88 0.3333333333)
(0.002 0.88 0.3333333333)
(-0.002 0.9166666667 0.3333333333)
(0.002 0.9166666667 0.3333333333)
(-0.002 0.9533333333 0.3333333333)
(0.002 0.9533333333 0.3333333333)
(-0.002 0.99 0.3333333333)
(0.002 0.99 0.3333333333)
(-0.002 1.026666667 0.3333333333)
(0.002 1.026666667 0.3333333333)
(-0.002 1.063333333 0.3333333333)
(0.002 1.063333333 0.3333333333)
(-0.002 1.1 0.3333333333)
(0.002 1.1 0.3333333333)
(-0.002 0 0.3666666667)
(0.002 0 0.3666666667)
(-0.002 0.03666666667 0.3666666667)
(0.002 0.03666666667 0.3666666667)
(-0.002 0.07333333333 0.3666666667)
(0.002 0.07333333333 0.3666666667)
(-0.002 0.11 0.3666666667)
(0.002 0.11 0.3666666667)
(-0.002 0.1466666667 0.3666666667)
(0.002 0.1466666667 0.3666666667)
(-0.002 0.1833333333 0.3666666667)
(0.002 0.1833333333 0.3666666667)
(-0.002 0.22 0.3666666667)
(0.002 0.22 0.3666666667)
(-0.002 0.2566666667 0.3666666667)
(0.002 0.2566666667 0.3666666667)
(-0.002 0.2933333333 0.3666666667)
(0.002 0.2933333333 0.3666666667)
(-0.002 0.33 0.3666666667)
(0.002 0.33 0.3666666667)
(-0.002 0.3666666667 0.3666666667)
(0.002 0.3666666667 0.3666666667)
(-0.002 0.4033333333 0.3666666667)
(0.002 0.4033333333 0.3666666667)
(-0.002 0.44 0.3666666667)
(0.002 0.44 0.3666666667)
(-0.002 0.4766666667 0.3666666667)
(0.002 0.4766666667 0.3666666667)
(-0.002 0.5133333333 0.3666666667)
(0.002 0.5133333333 0.3666666667)
(-0.002 0.55 0.3666666667)
(0.002 0.55 0.3666666667)
(-0.002 0.5866666667 0.3666666667)
(0.002 0.5866666667 0.3666666667)
(-0.002 0.6233333333 0.3666666667)
(0.002 0.6233333333 0.3666666667)
(-0.002 0.66 0.3666666667)
(0.002 0.66 0.3666666667)
(-0.002 0.6966666667 0.3666666667)
(0.002 0.6966666667 0.3666666667)
(-0.002 0.7333333333 0.3666666667)
(0.002 0.7333333333 0.3666666667)
(-0.002 0.77 0.3666666667)
(0.002 0.77 0.3666666667)
(-0.002 0.8066666667 0.3666666667)
(0.002 0.8066666667 0.3666666667)
(-0.002 0.8433333333 0.3666666667)
(0.002 0.8433333333 0.3666666667)
(-0.002 0.88 0.3666666667)
(0.002 0.88 0.3666666667)
(-0.002 0.9166666667 0.3666666667)
(0.002 0.9166666667 0.3666666667)
(-0.002 0.9533333333 0.3666666667)
(0.002 0.9533333333 0.3666666667)
(-0.002 0.99 0.3666666667)
(0.002 0.99 0.3666666667)
(-0.002 1.026666667 0.3666666667)
(0.002 1.026666667 0.3666666667)
(-0.002 1.063333333 0.3666666667)
(0.002 1.063333333 0.3666666667)
(-0.002 1.1 0.3666666667)
(0.002 1.1 0.3666666667)
(-0.002 0 0.4)
(0.002 0 0.4)
(-0.002 0.03666666667 0.4)
(0.002 0.03666666667 0.4)
(-0.002 0.07333333333 0.4)
(0.002 0.07333333333 0.4)
(-0.002 0.11 0.4)
(0.002 0.11 0.4)
(-0.002 0.1466666667 0.4)
(0.002 0.1466666667 0.4)
(-0.002 0.1833333333 0.4)
(0.002 0.1833333333 0.4)
(-0.002 0.22 0.4)
(0.002 0.22 0.4)
(-0.002 0.2566666667 0.4)
(0.002 0.2566666667 0.4)
(-0.002 0.2933333333 0.4)
(0.002 0.2933333333 0.4)
(-0.002 0.33 0.4)
(0.002 0.33 0.4)
(-0.002 0.3666666667 0.4)
(0.002 0.3666666667 0.4)
(-0.002 0.4033333333 0.4)
(0.002 0.4033333333 0.4)
(-0.002 0.44 0.4)
(0.002 0.44 0.4)
(-0.002 0.4766666667 0.4)
(0.002 0.4766666667 0.4)
(-0.002 0.5133333333 0.4)
(0.002 0.5133333333 0.4)
(-0.002 0.55 0.4)
(0.002 0.55 0.4)
(-0.002 0.5866666667 0.4)
(0.002 0.5866666667 0.4)
(-0.002 0.6233333333 0.4)
(0.002 0.6233333333 0.4)
(-0.002 0.66 0.4)
(0.002 0.66 0.4)
(-0.002 0.6966666667 0.4)
(0.002 0.6966666667 0.4)
(-0.002 0.7333333333 0.4)
(0.002 0.7333333333 0.4)
(-0.002 0.77 0.4)
(0.002 0.77 0.4)
(-0.002 0.8066666667 0.4)
(0.002 0.8066666667 0.4)
(-0.002 0.8433333333 0.4)
(0.002 0.8433333333 0.4)
(-0.002 0.88 0.4)
(0.002 0.88 0.4)
(-0.002 0.9166666667 0.4)
(0.002 0.9166666667 0.4)
(-0.002 0.9533333333 0.4)
(0.002 0.9533333333 0.4)
(-0.002 0.99 0.4)
(0.002 0.99 0.4)
(-0.002 1.026666667 0.4)
(0.002 1.026666667 0.4)
(-0.002 1.063333333 0.4)
(0.002 1.063333333 0.4)
(-0.002 1.1 0.4)
(0.002 1.1 0.4)
(-0.002 0 0.4333333333)
(0.002 0 0.4333333333)
(-0.002 0.03666666667 0.4333333333)
(0.002 0.03666666667 0.4333333333)
(-0.002 0.07333333333 0.4333333333)
(0.002 0.07333333333 0.4333333333)
(-0.002 0.11 0.4333333333)
(0.002 0.11 0.4333333333)
(-0.002 0.1466666667 0.4333333333)
(0.002 0.1466666667 0.4333333333)
(-0.002 0.1833333333 0.4333333333)
(0.002 0.1833333333 0.4333333333)
(-0.002 0.22 0.4333333333)
(0.002 0.22 0.4333333333)
(-0.002 0.2566666667 0.4333333333)
(0.002 0.2566666667 0.4333333333)
(-0.002 0.2933333333 0.4333333333)
(0.002 0.2933333333 0.4333333333)
(-0.002 0.33 0.4333333333)
(0.002 0.33 0.4333333333)
(-0.002 0.3666666667 0.4333333333)
(0.002 0.3666666667 0.4333333333)
(-0.002 0.4033333333 0.4333333333)
(0.002 0.4033333333 0.4333333333)
(-0.002 0.44 0.4333333333)
(0.002 0.44 0.4333333333)
(-0.002 0.4766666667 0.4333333333)
(0.002 0.4766666667 0.4333333333)
(-0.002 0.5133333333 0.4333333333)
(0.002 0.5133333333 0.4333333333)
(-0.002 0.55 0.4333333333)
(0.002 0.55 0.4333333333)
(-0.002 0.5866666667 0.4333333333)
(0.002 0.5866666667 0.4333333333)
(-0.002 0.6233333333 0.4333333333)
(0.002 0.6233333333 0.4333333333)
(-0.002 0.66 0.4333333333)
(0.002 0.66 0.4333333333)
(-0.002 0.6966666667 0.4333333333)
(0.002 0.6966666667 0.4333333333)
(-0.002 0.7333333333 0.4333333333)
(0.002 0.7333333333 0.4333333333)
(-0.002 0.77 0.4333333333)
(0.002 0.77 0.4333333333)
(-0.002 0.8066666667 0.4333333333)
(0.002 0.8066666667 0.4333333333)
(-0.002 0.8433333333 0.4333333333)
(0.002 0.8433333333 0.4333333333)
(-0.002 0.88 0.4333333333)
(0.002 0.88 0.4333333333)
(-0.002 0.9166666667 0.4333333333)
(0.002 0.9166666667 0.4333333333)
(-0.002 0.9533333333 0.4333333333)
(0.002 0.9533333333 0.4333333333)
(-0.002 0.99 0.4333333333)
(0.002 0.99 0.4333333333)
(-0.002 1.026666667 0.4333333333)
(0.002 1.026666667 0.4333333333)
(-0.002 1.063333333 0.4333333333)
(0.002 1.063333333 0.4333333333)
(-0.002 1.1 0.4333333333)
(0.002 1.1 0.4333333333)
(-0.002 0 0.4666666667)
(0.002 0 0.4666666667)
(-0.002 0.03666666667 0.4666666667)
(0.002 0.03666666667 0.4666666667)
(-0.002 0.07333333333 0.4666666667)
(0.002 0.07333333333 0.4666666667)
(-0.002 0.11 0.4666666667)
(0.002 0.11 0.4666666667)
(-0.002 0.1466666667 0.4666666667)
(0.002 0.1466666667 0.4666666667)
(-0.002 0.1833333333 0.4666666667)
(0.002 0.1833333333 0.4666666667)
(-0.002 0.22 0.4666666667)
(0.002 0.22 0.4666666667)
(-0.002 0.2566666667 0.4666666667)
(0.002 0.2566666667 0.4666666667)
(-0.002 0.2933333333 0.4666666667)
(0.002 0.2933333333 0.4666666667)
(-0.002 0.33 0.4666666667)
(0.002 0.33 0.4666666667)
(-0.002 0.3666666667 0.4666666667)
(0.002 0.3666666667 0.4666666667)
(-0.002 0.4033333333 0.4666666667)
(0.002 0.4033333333 0.4666666667)
(-0.002 0.44 0.4666666667)
(0.002 0.44 0.4666666667)
(-0.002 0.4766666667 0.4666666667)
(0.002 0.4766666667 0.4666666667)
(-0.002 0.5133333333 0.4666666667)
(0.002 0.5133333333 0.4666666667)
(-0.002 0.55 0.4666666667)
(0.002 0.55 0.4666666667)
(-0.002 0.5866666667 0.4666666667)
(0.002 0.5866666667 0.4666666667)
(-0.002 0.6233333333 0.4666666667)
(0.002 0.6233333333 0.4666666667)
(-0.002 0.66 0.4666666667)
(0.002 0.66 0.4666666667)
(-0.002 0.6966666667 0.4666666667)
(0.002 0.6966666667 0.4666666667)
(-0.002 0.7333333333 0.4666666667)
(0.002 0.7333333333 0.4666666667)
(-0.002 0.77 0.4666666667)
(0.002 0.77 0.4666666667)
(-0.002 0.8066666667 0.4666666667)
(0.002 0.8066666667 0.4666666667)
(-0.002 0.8433333333 0.4666666667)
(0.002 0.8433333333 0.4666666667)
(-0.002 0.88 0.4666666667)
(0.002 0.88 0.4666666667)
(-0.002 0.9166666667 0.4666666667)
(0.002 0.9166666667 0.4666666667)
(-0.002 0.9533333333 0.4666666667)
(0.002 0.9533333333 0.4666666667)
(-0.002 0.99 0.4666666667)
(0.002 0.99 0.4666666667)
(-0.002 1.026666667 0.4666666667)
(0.002 1.026666667 0.4666666667)
(-0.002 1.063333333 0.4666666667)
(0.002 1.063333333 0.4666666667)
(-0.002 1.1 0.4666666667)
(0.002 1.1 0.4666666667)
(-0.002 0 0.5)
(0.002 0 0.5)
(-0.002 0.03666666667 0.5)
(0.002 0.03666666667 0.5)
(-0.002 0.07333333333 0.5)
(0.002 0.07333333333 0.5)
(-0.002 0.11 0.5)
(0.002 0.11 0.5)
(-0.002 0.1466666667 0.5)
(0.002 0.1466666667 0.5)
(-0.002 0.1833333333 0.5)
(0.002 0.1833333333 0.5)
(-0.002 0.22 0.5)
(0.002 0.22 0.5)
(-0.002 0.2566666667 0.5)
(0.002 0.2566666667 0.5)
(-0.002 0.2933333333 0.5)
(0.002 0.2933333333 0.5)
(-0.002 0.33 0.5)
(0.002 0.33 0.5)
(-0.002 0.3666666667 0.5)
(0.002 0.3666666667 0.5)
(-0.002 0.4033333333 0.5)
(0.002 0.4033333333 0.5)
(-0.002 0.44 0.5)
(0.002 0.44 0.5)
(-0.002 0.4766666667 0.5)
(0.002 0.4766666667 0.5)
(-0.002 0.5133333333 0.5)
(0.002 0.5133333333 0.5)
(-0.002 0.55 0.5)
(0.002 0.55 0.5)
(-0.002 0.5866666667 0.5)
(0.002 0.5866666667 0.5)
(-0.002 0.6233333333 0.5)
(0.002 0.6233333333 0.5)
(-0.002 0.66 0.5)
(0.002 0.66 0.5)
(-0.002 0.6966666667 0.5)
(0.002 0.6966666667 0.5)
(-0.002 0.7333333333 0.5)
(0.002 0.7333333333 0.5)
(-0.002 0.77 0.5)
(0.002 0.77 0.5)
(-0.002 0.8066666667 0.5)
(0.002 0.8066666667 0.5)
(-0.002 0.8433333333 0.5)
(0.002 0.8433333333 0.5)
(-0.002 0.88 0.5)
(0.002 0.88 0.5)
(-0.002 0.9166666667 0.5)
(0.002 0.9166666667 0.5)
(-0.002 0.9533333333 0.5)
(0.002 0.9533333333 0.5)
(-0.002 0.99 0.5)
(0.002 0.99 0.5)
(-0.002 1.026666667 0.5)
(0.002 1.026666667 0.5)
(-0.002 1.063333333 0.5)
(0.002 1.063333333 0.5)
(-0.002 1.1 0.5)
(0.002 1.1 0.5)
(-0.002 0 0.5333333333)
(0.002 0 0.5333333333)
(-0.002 0.03666666667 0.5333333333)
(0.002 0.03666666667 0.5333333333)
(-0.002 0.07333333333 0.5333333333)
(0.002 0.07333333333 0.5333333333)
(-0.002 0.11 0.5333333333)
(0.002 0.11 0.5333333333)
(-0.002 0.1466666667 0.5333333333)
(0.002 0.1466666667 0.5333333333)
(-0.002 0.1833333333 0.5333333333)
(0.002 0.1833333333 0.5333333333)
(-0.002 0.22 0.5333333333)
(0.002 0.22 0.5333333333)
(-0.002 0.2566666667 0.5333333333)
(0.002 0.2566666667 0.5333333333)
(-0.002 0.2933333333 0.5333333333)
(0.002 0.2933333333 0.5333333333)
(-0.002 0.33 0.5333333333)
(0.002 0.33 0.5333333333)
(-0.002 0.3666666667 0.5333333333)
(0.002 0.3666666667 0.5333333333)
(-0.002 0.4033333333 0.5333333333)
(0.002 0.4033333333 0.5333333333)
(-0.002 0.44 0.5333333333)
(0.002 0.44 0.5333333333)
(-0.002 0.4766666667 0.5333333333)
(0.002 0.4766666667 0.5333333333)
(-0.002 0.5133333333 0.5333333333)
(0.002 0.5133333333 0.5333333333)
(-0.002 0.55 0.5333333333)
(0.002 0.55 0.5333333333)
(-0.002 0.5866666667 0.5333333333)
(0.002 0.5866666667 0.5333333333)
(-0.002 0.6233333333 0.5333333333)
(0.002 0.6233333333 0.5333333333)
(-0.002 0.66 0.5333333333)
(0.002 0.66 0.5333333333)
(-0.002 0.6966666667 0.5333333333)
(0.002 0.6966666667 0.5333333333)
(-0.002 0.7333333333 0.5333333333)
(0.002 0.7333333333 0.5333333333)
(-0.002 0.77 0.5333333333)
(0.002 0.77 0.5333333333)
(-0.002 0.8066666667 0.5333333333)
(0.002 0.8066666667 0.5333333333)
(-0.002 0.8433333333 0.5333333333)
(0.002 0.8433333333 0.5333333333)
(-0.002 0.88 0.5333333333)
(0.002 0.88 0.5333333333)
(-0.002 0.9166666667 0.5333333333)
(0.002 0.9166666667 0.5333333333)
(-0.002 0.9533333333 0.5333333333)
(0.002 0.9533333333 0.5333333333)
(-0.002 0.99 0.5333333333)
(0.002 0.99 0.5333333333)
(-0.002 1.026666667 0.5333333333)
(0.002 1.026666667 0.5333333333)
(-0.002 1.063333333 0.5333333333)
(0.002 1.063333333 0.5333333333)
(-0.002 1.1 0.5333333333)
(0.002 1.1 0.5333333333)
(-0.002 0 0.5666666667)
(0.002 0 0.5666666667)
(-0.002 0.03666666667 0.5666666667)
(0.002 0.03666666667 0.5666666667)
(-0.002 0.07333333333 0.5666666667)
(0.002 0.07333333333 0.5666666667)
(-0.002 0.11 0.5666666667)
(0.002 0.11 0.5666666667)
(-0.002 0.1466666667 0.5666666667)
(0.002 0.1466666667 0.5666666667)
(-0.002 0.1833333333 0.5666666667)
(0.002 0.1833333333 0.5666666667)
(-0.002 0.22 0.5666666667)
(0.002 0.22 0.5666666667)
(-0.002 0.2566666667 0.5666666667)
(0.002 0.2566666667 0.5666666667)
(-0.002 0.2933333333 0.5666666667)
(0.002 0.2933333333 0.5666666667)
(-0.002 0.33 0.5666666667)
(0.002 0.33 0.5666666667)
(-0.002 0.3666666667 0.5666666667)
(0.002 0.3666666667 0.5666666667)
(-0.002 0.4033333333 0.5666666667)
(0.002 0.4033333333 0.5666666667)
(-0.002 0.44 0.5666666667)
(0.002 0.44 0.5666666667)
(-0.002 0.4766666667 0.5666666667)
(0.002 0.4766666667 0.5666666667)
(-0.002 0.5133333333 0.5666666667)
(0.002 0.5133333333 0.5666666667)
(-0.002 0.55 0.5666666667)
(0.002 0.55 0.5666666667)
(-0.002 0.5866666667 0.5666666667)
(0.002 0.5866666667 0.5666666667)
(-0.002 0.6233333333 0.5666666667)
(0.002 0.6233333333 0.5666666667)
(-0.002 0.66 0.5666666667)
(0.002 0.66 0.5666666667)
(-0.002 0.6966666667 0.5666666667)
(0.002 0.6966666667 0.5666666667)
(-0.002 0.7333333333 0.5666666667)
(0.002 0.7333333333 0.5666666667)
(-0.002 0.77 0.5666666667)
(0.002 0.77 0.5666666667)
(-0.002 0.8066666667 0.5666666667)
(0.002 0.8066666667 0.5666666667)
(-0.002 0.8433333333 0.5666666667)
(0.002 0.8433333333 0.5666666667)
(-0.002 0.88 0.5666666667)
(0.002 0.88 0.5666666667)
(-0.002 0.9166666667 0.5666666667)
(0.002 0.9166666667 0.5666666667)
(-0.002 0.9533333333 0.5666666667)
(0.002 0.9533333333 0.5666666667)
(-0.002 0.99 0.5666666667)
(0.002 0.99 0.5666666667)
(-0.002 1.026666667 0.5666666667)
(0.002 1.026666667 0.5666666667)
(-0.002 1.063333333 0.5666666667)
(0.002 1.063333333 0.5666666667)
(-0.002 1.1 0.5666666667)
(0.002 1.1 0.5666666667)
(-0.002 0 0.6)
(0.002 0 0.6)
(-0.002 0.03666666667 0.6)
(0.002 0.03666666667 0.6)
(-0.002 0.07333333333 0.6)
(0.002 0.07333333333 0.6)
(-0.002 0.11 0.6)
(0.002 0.11 0.6)
(-0.002 0.1466666667 0.6)
(0.002 0.1466666667 0.6)
(-0.002 0.1833333333 0.6)
(0.002 0.1833333333 0.6)
(-0.002 0.22 0.6)
(0.002 0.22 0.6)
(-0.002 0.2566666667 0.6)
(0.002 0.2566666667 0.6)
(-0.002 0.2933333333 0.6)
(0.002 0.2933333333 0.6)
(-0.002 0.33 0.6)
(0.002 0.33 0.6)
(-0.002 0.3666666667 0.6)
(0.002 0.3666666667 0.6)
(-0.002 0.4033333333 0.6)
(0.002 0.4033333333 0.6)
(-0.002 0.44 0.6)
(0.002 0.44 0.6)
(-0.002 0.4766666667 0.6)
(0.002 0.4766666667 0.6)
(-0.002 0.5133333333 0.6)
(0.002 0.5133333333 0.6)
(-0.002 0.55 0.6)
(0.002 0.55 0.6)
(-0.002 0.5866666667 0.6)
(0.002 0.5866666667 0.6)
(-0.002 0.6233333333 0.6)
(0.002 0.6233333333 0.6)
(-0.002 0.66 0.6)
(0.002 0.66 0.6)
(-0.002 0.6966666667 0.6)
(0.002 0.6966666667 0.6)
(-0.002 0.7333333333 0.6)
(0.002 0.7333333333 0.6)
(-0.002 0.77 0.6)
(0.002 0.77 0.6)
(-0.002 0.8066666667 0.6)
(0.002 0.8066666667 0.6)
(-0.002 0.8433333333 0.6)
(0.002 0.8433333333 0.6)
(-0.002 0.88 0.6)
(0.002 0.88 0.6)
(-0.002 0.9166666667 0.6)
(0.002 0.9166666667 0.6)
(-0.002 0.9533333333 0.6)
(0.002 0.9533333333 0.6)
(-0.002 0.99 0.6)
(0.002 0.99 0.6)
(-0.002 1.026666667 0.6)
(0.002 1.026666667 0.6)
(-0.002 1.063333333 0.6)
(0.002 1.063333333 0.6)
(-0.002 1.1 0.6)
(0.002 1.1 0.6)
(-0.002 0 0.6333333333)
(0.002 0 0.6333333333)
(-0.002 0.03666666667 0.6333333333)
(0.002 0.03666666667 0.6333333333)
(-0.002 0.07333333333 0.6333333333)
(0.002 0.07333333333 0.6333333333)
(-0.002 0.11 0.6333333333)
(0.002 0.11 0.6333333333)
(-0.002 0.1466666667 0.6333333333)
(0.002 0.1466666667 0.6333333333)
(-0.002 0.1833333333 0.6333333333)
(0.002 0.1833333333 0.6333333333)
(-0.002 0.22 0.6333333333)
(0.002 0.22 0.6333333333)
(-0.002 0.2566666667 0.6333333333)
(0.002 0.2566666667 0.6333333333)
(-0.002 0.2933333333 0.6333333333)
(0.002 0.2933333333 0.6333333333)
(-0.002 0.33 0.6333333333)
(0.002 0.33 0.6333333333)
(-0.002 0.3666666667 0.6333333333)
(0.002 0.3666666667 0.6333333333)
(-0.002 0.4033333333 0.6333333333)
(0.002 0.4033333333 0.6333333333)
(-0.002 0.44 0.6333333333)
(0.002 0.44 0.6333333333)
(-0.002 0.4766666667 0.6333333333)
(0.002 0.4766666667 0.6333333333)
(-0.002 0.5133333333 0.6333333333)
(0.002 0.5133333333 0.6333333333)
(-0.002 0.55 0.6333333333)
(0.002 0.55 0.6333333333)
(-0.002 0.5866666667 0.6333333333)
(0.002 0.5866666667 0.6333333333)
(-0.002 0.6233333333 0.6333333333)
(0.002 0.6233333333 0.6333333333)
(-0.002 0.66 0.6333333333)
(0.002 0.66 0.6333333333)
(-0.002 0.6966666667 0.6333333333)
(0.002 0.6966666667 0.6333333333)
(-0.002 0.7333333333 0.6333333333)
(0.002 0.7333333333 0.6333333333)
(-0.002 0.77 0.6333333333)
(0.002 0.77 0.6333333333)
(-0.002 0.8066666667 0.6333333333)
(0.002 0.8066666667 0.6333333333)
(-0.002 0.8433333333 0.6333333333)
(0.002 0.8433333333 0.6333333333)
(-0.002 0.88 0.6333333333)
(0.002 0.88 0.6333333333)
(-0.002 0.9166666667 0.6333333333)
(0.002 0.9166666667 0.6333333333)
(-0.002 0.9533333333 0.6333333333)
(0.002 0.9533333333 0.6333333333)
(-0.002 0.99 0.6333333333)
(0.002 0.99 0.6333333333)
(-0.002 1.026666667 0.6333333333)
(0.002 1.026666667 0.6333333333)
(-0.002 1.063333333 0.6333333333)
(0.002 1.063333333 0.6333333333)
(-0.002 1.1 0.6333333333)
(0.002 1.1 0.6333333333)
(-0.002 0 0.6666666667)
(0.002 0 0.6666666667)
(-0.002 0.03666666667 0.6666666667)
(0.002 0.03666666667 0.6666666667)
(-0.002 0.07333333333 0.6666666667)
(0.002 0.07333333333 0.6666666667)
(-0.002 0.11 0.6666666667)
(0.002 0.11 0.6666666667)
(-0.002 0.1466666667 0.6666666667)
(0.002 0.1466666667 0.6666666667)
(-0.002 0.1833333333 0.6666666667)
(0.002 0.1833333333 0.6666666667)
(-0.002 0.22 0.6666666667)
(0.002 0.22 0.6666666667)
(-0.002 0.2566666667 0.6666666667)
(0.002 0.2566666667 0.6666666667)
(-0.002 0.2933333333 0.6666666667)
(0.002 0.2933333333 0.6666666667)
(-0.002 0.33 0.6666666667)
(0.002 0.33 0.6666666667)
(-0.002 0.3666666667 0.6666666667)
(0.002 0.3666666667 0.6666666667)
(-0.002 0.4033333333 0.6666666667)
(0.002 0.4033333333 0.6666666667)
(-0.002 0.44 0.6666666667)
(0.002 0.44 0.6666666667)
(-0.002 0.4766666667 0.6666666667)
(0.002 0.4766666667 0.6666666667)
(-0.002 0.5133333333 0.6666666667)
(0.002 0.5133333333 0.6666666667)
(-0.002 0.55 0.6666666667)
(0.002 0.55 0.6666666667)
(-0.002 0.5866666667 0.6666666667)
(0.002 0.5866666667 0.6666666667)
(-0.002 0.6233333333 0.6666666667)
(0.002 0.6233333333 0.6666666667)
(-0.002 0.66 0.6666666667)
(0.002 0.66 0.6666666667)
(-0.002 0.6966666667 0.6666666667)
(0.002 0.6966666667 0.6666666667)
(-0.002 0.7333333333 0.6666666667)
(0.002 0.7333333333 0.6666666667)
(-0.002 0.77 0.6666666667)
(0.002 0.77 0.6666666667)
(-0.002 0.8066666667 0.6666666667)
(0.002 0.8066666667 0.6666666667)
(-0.002 0.8433333333 0.6666666667)
(0.002 0.8433333333 0.6666666667)
(-0.002 0.88 0.6666666667)
(0.002 0.88 0.6666666667)
(-0.002 0.9166666667 0.6666666667)
(0.002 0.9166666667 0.6666666667)
(-0.002 0.9533333333 0.6666666667)
(0.002 0.9533333333 0.6666666667)
(-0.002 0.99 0.6666666667)
(0.002 0.99 0.6666666667)
(-0.002 1.026666667 0.6666666667)
(0.002 1.026666667 0.6666666667)
(-0.002 1.063333333 0.6666666667)
(0.002 1.063333333 0.6666666667)
(-0.002 1.1 0.6666666667)
(0.002 1.1 0.6666666667)
(-0.002 0 0.7)
(0.002 0 0.7)
(-0.002 0.03666666667 0.7)
(0.002 0.03666666667 0.7)
(-0.002 0.07333333333 0.7)
(0.002 0.07333333333 0.7)
(-0.002 0.11 0.7)
(0.002 0.11 0.7)
(-0.002 0.1466666667 0.7)
(0.002 0.1466666667 0.7)
(-0.002 0.1833333333 0.7)
(0.002 0.1833333333 0.7)
(-0.002 0.22 0.7)
(0.002 0.22 0.7)
(-0.002 0.2566666667 0.7)
(0.002 0.2566666667 0.7)
(-0.002 0.2933333333 0.7)
(0.002 0.2933333333 0.7)
(-0.002 0.33 0.7)
(0.002 0.33 0.7)
(-0.002 0.3666666667 0.7)
(0.002 0.3666666667 0.7)
(-0.002 0.4033333333 0.7)
(0.002 0.4033333333 0.7)
(-0.002 0.44 0.7)
(0.002 0.44 0.7)
(-0.002 0.4766666667 0.7)
(0.002 0.4766666667 0.7)
(-0.002 0.5133333333 0.7)
(0.002 0.5133333333 0.7)
(-0.002 0.55 0.7)
(0.002 0.55 0.7)
(-0.002 0.5866666667 0.7)
(0.002 0.5866666667 0.7)
(-0.002 0.6233333333 0.7)
(0.002 0.6233333333 0.7)
(-0.002 0.66 0.7)
(0.002 0.66 0.7)
(-0.002 0.6966666667 0.7)
(0.002 0.6966666667 0.7)
(-0.002 0.7333333333 0.7)
(0.002 0.7333333333 0.7)
(-0.002 0.77 0.7)
(0.002 0.77 0.7)
(-0.002 0.8066666667 0.7)
(0.002 0.8066666667 0.7)
(-0.002 0.8433333333 0.7)
(0.002 0.8433333333 0.7)
(-0.002 0.88 0.7)
(0.002 0.88 0.7)
(-0.002 0.9166666667 0.7)
(0.002 0.9166666667 0.7)
(-0.002 0.9533333333 0.7)
(0.002 0.9533333333 0.7)
(-0.002 0.99 0.7)
(0.002 0.99 0.7)
(-0.002 1.026666667 0.7)
(0.002 1.026666667 0.7)
(-0.002 1.063333333 0.7)
(0.002 1.063333333 0.7)
(-0.002 1.1 0.7)
(0.002 1.1 0.7)
(-0.002 0 0.7333333333)
(0.002 0 0.7333333333)
(-0.002 0.03666666667 0.7333333333)
(0.002 0.03666666667 0.7333333333)
(-0.002 0.07333333333 0.7333333333)
(0.002 0.07333333333 0.7333333333)
(-0.002 0.11 0.7333333333)
(0.002 0.11 0.7333333333)
(-0.002 0.1466666667 0.7333333333)
(0.002 0.1466666667 0.7333333333)
(-0.002 0.1833333333 0.7333333333)
(0.002 0.1833333333 0.7333333333)
(-0.002 0.22 0.7333333333)
(0.002 0.22 0.7333333333)
(-0.002 0.2566666667 0.7333333333)
(0.002 0.2566666667 0.7333333333)
(-0.002 0.2933333333 0.7333333333)
(0.002 0.2933333333 0.7333333333)
(-0.002 0.33 0.7333333333)
(0.002 0.33 0.7333333333)
(-0.002 0.3666666667 0.7333333333)
(0.002 0.3666666667 0.7333333333)
(-0.002 0.4033333333 0.7333333333)
(0.002 0.4033333333 0.7333333333)
(-0.002 0.44 0.7333333333)
(0.002 0.44 0.7333333333)
(-0.002 0.4766666667 0.7333333333)
(0.002 0.4766666667 0.7333333333)
(-0.002 0.5133333333 0.7333333333)
(0.002 0.5133333333 0.7333333333)
(-0.002 0.55 0.7333333333)
(0.002 0.55 0.7333333333)
(-0.002 0.5866666667 0.7333333333)
(0.002 0.5866666667 0.7333333333)
(-0.002 0.6233333333 0.7333333333)
(0.002 0.6233333333 0.7333333333)
(-0.002 0.66 0.7333333333)
(0.002 0.66 0.7333333333)
(-0.002 0.6966666667 0.7333333333)
(0.002 0.6966666667 0.7333333333)
(-0.002 0.7333333333 0.7333333333)
(0.002 0.7333333333 0.7333333333)
(-0.002 0.77 0.7333333333)
(0.002 0.77 0.7333333333)
(-0.002 0.8066666667 0.7333333333)
(0.002 0.8066666667 0.7333333333)
(-0.002 0.8433333333 0.7333333333)
(0.002 0.8433333333 0.7333333333)
(-0.002 0.88 0.7333333333)
(0.002 0.88 0.7333333333)
(-0.002 0.9166666667 0.7333333333)
(0.002 0.9166666667 0.7333333333)
(-0.002 0.9533333333 0.7333333333)
(0.002 0.9533333333 0.7333333333)
(-0.002 0.99 0.7333333333)
(0.002 0.99 0.7333333333)
(-0.002 1.026666667 0.7333333333)
(0.002 1.026666667 0.7333333333)
(-0.002 1.063333333 0.7333333333)
(0.002 1.063333333 0.7333333333)
(-0.002 1.1 0.7333333333)
(0.002 1.1 0.7333333333)
(-0.002 0 0.7666666667)
(0.002 0 0.7666666667)
(-0.002 0.03666666667 0.7666666667)
(0.002 0.03666666667 0.7666666667)
(-0.002 0.07333333333 0.7666666667)
(0.002 0.07333333333 0.7666666667)
(-0.002 0.11 0.7666666667)
(0.002 0.11 0.7666666667)
(-0.002 0.1466666667 0.7666666667)
(0.002 0.1466666667 0.7666666667)
(-0.002 0.1833333333 0.7666666667)
(0.002 0.1833333333 0.7666666667)
(-0.002 0.22 0.7666666667)
(0.002 0.22 0.7666666667)
(-0.002 0.2566666667 0.7666666667)
(0.002 0.2566666667 0.7666666667)
(-0.002 0.2933333333 0.7666666667)
(0.002 0.2933333333 0.7666666667)
(-0.002 0.33 0.7666666667)
(0.002 0.33 0.7666666667)
(-0.002 0.3666666667 0.7666666667)
(0.002 0.3666666667 0.7666666667)
(-0.002 0.4033333333 0.7666666667)
(0.002 0.4033333333 0.7666666667)
(-0.002 0.44 0.7666666667)
(0.002 0.44 0.7666666667)
(-0.002 0.4766666667 0.7666666667)
(0.002 0.4766666667 0.7666666667)
(-0.002 0.5133333333 0.7666666667)
(0.002 0.5133333333 0.7666666667)
(-0.002 0.55 0.7666666667)
(0.002 0.55 0.7666666667)
(-0.002 0.5866666667 0.7666666667)
(0.002 0.5866666667 0.7666666667)
(-0.002 0.6233333333 0.7666666667)
(0.002 0.6233333333 0.7666666667)
(-0.002 0.66 0.7666666667)
(0.002 0.66 0.7666666667)
(-0.002 0.6966666667 0.7666666667)
(0.002 0.6966666667 0.7666666667)
(-0.002 0.7333333333 0.7666666667)
(0.002 0.7333333333 0.7666666667)
(-0.002 0.77 0.7666666667)
(0.002 0.77 0.7666666667)
(-0.002 0.8066666667 0.7666666667)
(0.002 0.8066666667 0.7666666667)
(-0.002 0.8433333333 0.7666666667)
(0.002 0.8433333333 0.7666666667)
(-0.002 0.88 0.7666666667)
(0.002 0.88 0.7666666667)
(-0.002 0.9166666667 0.7666666667)
(0.002 0.9166666667 0.7666666667)
(-0.002 0.9533333333 0.7666666667)
(0.002 0.9533333333 0.7666666667)
(-0.002 0.99 0.7666666667)
(0.002 0.99 0.7666666667)
(-0.002 1.026666667 0.7666666667)
(0.002 1.026666667 0.7666666667)
(-0.002 1.063333333 0.7666666667)
(0.002 1.063333333 0.7666666667)
(-0.002 1.1 0.7666666667)
(0.002 1.1 0.7666666667)
(-0.002 0 0.8)
(0.002 0 0.8)
(-0.002 0.03666666667 0.8)
(0.002 0.03666666667 0.8)
(-0.002 0.07333333333 0.8)
(0.002 0.07333333333 0.8)
(-0.002 0.11 0.8)
(0.002 0.11 0.8)
(-0.002 0.1466666667 0.8)
(0.002 0.1466666667 0.8)
(-0.002 0.1833333333 0.8)
(0.002 0.1833333333 0.8)
(-0.002 0.22 0.8)
(0.002 0.22 0.8)
(-0.002 0.2566666667 0.8)
(0.002 0.2566666667 0.8)
(-0.002 0.2933333333 0.8)
(0.002 0.2933333333 0.8)
(-0.002 0.33 0.8)
(0.002 0.33 0.8)
(-0.002 0.3666666667 0.8)
(0.002 0.3666666667 0.8)
(-0.002 0.4033333333 0.8)
(0.002 0.4033333333 0.8)
(-0.002 0.44 0.8)
(0.002 0.44 0.8)
(-0.002 0.4766666667 0.8)
(0.002 0.4766666667 0.8)
(-0.002 0.5133333333 0.8)
(0.002 0.5133333333 0.8)
(-0.002 0.55 0.8)
(0.002 0.55 0.8)
(-0.002 0.5866666667 0.8)
(0.002 0.5866666667 0.8)
(-0.002 0.6233333333 0.8)
(0.002 0.6233333333 0.8)
(-0.002 0.66 0.8)
(0.002 0.66 0.8)
(-0.002 0.6966666667 0.8)
(0.002 0.6966666667 0.8)
(-0.002 0.7333333333 0.8)
(0.002 0.7333333333 0.8)
(-0.002 0.77 0.8)
(0.002 0.77 0.8)
(-0.002 0.8066666667 0.8)
(0.002 0.8066666667 0.8)
(-0.002 0.8433333333 0.8)
(0.002 0.8433333333 0.8)
(-0.002 0.88 0.8)
(0.002 0.88 0.8)
(-0.002 0.9166666667 0.8)
(0.002 0.9166666667 0.8)
(-0.002 0.9533333333 0.8)
(0.002 0.9533333333 0.8)
(-0.002 0.99 0.8)
(0.002 0.99 0.8)
(-0.002 1.026666667 0.8)
(0.002 1.026666667 0.8)
(-0.002 1.063333333 0.8)
(0.002 1.063333333 0.8)
(-0.002 1.1 0.8)
(0.002 1.1 0.8)
(-0.002 0 0.8333333333)
(0.002 0 0.8333333333)
(-0.002 0.03666666667 0.8333333333)
(0.002 0.03666666667 0.8333333333)
(-0.002 0.07333333333 0.8333333333)
(0.002 0.07333333333 0.8333333333)
(-0.002 0.11 0.8333333333)
(0.002 0.11 0.8333333333)
(-0.002 0.1466666667 0.8333333333)
(0.002 0.1466666667 0.8333333333)
(-0.002 0.1833333333 0.8333333333)
(0.002 0.1833333333 0.8333333333)
(-0.002 0.22 0.8333333333)
(0.002 0.22 0.8333333333)
(-0.002 0.2566666667 0.8333333333)
(0.002 0.2566666667 0.8333333333)
(-0.002 0.2933333333 0.8333333333)
(0.002 0.2933333333 0.8333333333)
(-0.002 0.33 0.8333333333)
(0.002 0.33 0.8333333333)
(-0.002 0.3666666667 0.8333333333)
(0.002 0.3666666667 0.8333333333)
(-0.002 0.4033333333 0.8333333333)
(0.002 0.4033333333 0.8333333333)
(-0.002 0.44 0.8333333333)
(0.002 0.44 0.8333333333)
(-0.002 0.4766666667 0.8333333333)
(0.002 0.4766666667 0.8333333333)
(-0.002 0.5133333333 0.8333333333)
(0.002 0.5133333333 0.8333333333)
(-0.002 0.55 0.8333333333)
(0.002 0.55 0.8333333333)
(-0.002 0.5866666667 0.8333333333)
(0.002 0.5866666667 0.8333333333)
(-0.002 0.6233333333 0.8333333333)
(0.002 0.6233333333 0.8333333333)
(-0.002 0.66 0.8333333333)
(0.002 0.66 0.8333333333)
(-0.002 0.6966666667 0.8333333333)
(0.002 0.6966666667 0.8333333333)
(-0.002 0.7333333333 0.8333333333)
(0.002 0.7333333333 0.8333333333)
(-0.002 0.77 0.8333333333)
(0.002 0.77 0.8333333333)
(-0.002 0.8066666667 0.8333333333)
(0.002 0.8066666667 0.8333333333)
(-0.002 0.8433333333 0.8333333333)
(0.002 0.8433333333 0.8333333333)
(-0.002 0.88 0.8333333333)
(0.002 0.88 0.8333333333)
(-0.002 0.9166666667 0.8333333333)
(0.002 0.9166666667 0.8333333333)
(-0.002 0.9533333333 0.8333333333)
(0.002 0.9533333333 0.8333333333)
(-0.002 0.99 0.8333333333)
(0.002 0.99 0.8333333333)
(-0.002 1.026666667 0.8333333333)
(0.002 1.026666667 0.8333333333)
(-0.002 1.063333333 0.8333333333)
(0.002 1.063333333 0.8333333333)
(-0.002 1.1 0.8333333333)
(0.002 1.1 0.8333333333)
(-0.002 0 0.8666666667)
(0.002 0 0.8666666667)
(-0.002 0.03666666667 0.8666666667)
(0.002 0.03666666667 0.8666666667)
(-0.002 0.07333333333 0.8666666667)
(0.002 0.07333333333 0.8666666667)
(-0.002 0.11 0.8666666667)
(0.002 0.11 0.8666666667)
(-0.002 0.1466666667 0.8666666667)
(0.002 0.1466666667 0.8666666667)
(-0.002 0.1833333333 0.8666666667)
(0.002 0.1833333333 0.8666666667)
(-0.002 0.22 0.8666666667)
(0.002 0.22 0.8666666667)
(-0.002 0.2566666667 0.8666666667)
(0.002 0.2566666667 0.8666666667)
(-0.002 0.2933333333 0.8666666667)
(0.002 0.2933333333 0.8666666667)
(-0.002 0.33 0.8666666667)
(0.002 0.33 0.8666666667)
(-0.002 0.3666666667 0.8666666667)
(0.002 0.3666666667 0.8666666667)
(-0.002 0.4033333333 0.8666666667)
(0.002 0.4033333333 0.8666666667)
(-0.002 0.44 0.8666666667)
(0.002 0.44 0.8666666667)
(-0.002 0.4766666667 0.8666666667)
(0.002 0.4766666667 0.8666666667)
(-0.002 0.5133333333 0.8666666667)
(0.002 0.5133333333 0.8666666667)
(-0.002 0.55 0.8666666667)
(0.002 0.55 0.8666666667)
(-0.002 0.5866666667 0.8666666667)
(0.002 0.5866666667 0.8666666667)
(-0.002 0.6233333333 0.8666666667)
(0.002 0.6233333333 0.8666666667)
(-0.002 0.66 0.8666666667)
(0.002 0.66 0.8666666667)
(-0.002 0.6966666667 0.8666666667)
(0.002 0.6966666667 0.8666666667)
(-0.002 0.7333333333 0.8666666667)
(0.002 0.7333333333 0.8666666667)
(-0.002 0.77 0.8666666667)
(0.002 0.77 0.8666666667)
(-0.002 0.8066666667 0.8666666667)
(0.002 0.8066666667 0.8666666667)
(-0.002 0.8433333333 0.8666666667)
(0.002 0.8433333333 0.8666666667)
(-0.002 0.88 0.8666666667)
(0.002 0.88 0.8666666667)
(-0.002 0.9166666667 0.8666666667)
(0.002 0.9166666667 0.8666666667)
(-0.002 0.9533333333 0.8666666667)
(0.002 0.9533333333 0.8666666667)
(-0.002 0.99 0.8666666667)
(0.002 0.99 0.8666666667)
(-0.002 1.026666667 0.8666666667)
(0.002 1.026666667 0.8666666667)
(-0.002 1.063333333 0.8666666667)
(0.002 1.063333333 0.8666666667)
(-0.002 1.1 0.8666666667)
(0.002 1.1 0.8666666667)
(-0.002 0 0.9)
(0.002 0 0.9)
(-0.002 0.03666666667 0.9)
(0.002 0.03666666667 0.9)
(-0.002 0.07333333333 0.9)
(0.002 0.07333333333 0.9)
(-0.002 0.11 0.9)
(0.002 0.11 0.9)
(-0.002 0.1466666667 0.9)
(0.002 0.1466666667 0.9)
(-0.002 0.1833333333 0.9)
(0.002 0.1833333333 0.9)
(-0.002 0.22 0.9)
(0.002 0.22 0.9)
(-0.002 0.2566666667 0.9)
(0.002 0.2566666667 0.9)
(-0.002 0.2933333333 0.9)
(0.002 0.2933333333 0.9)
(-0.002 0.33 0.9)
(0.002 0.33 0.9)
(-0.002 0.3666666667 0.9)
(0.002 0.3666666667 0.9)
(-0.002 0.4033333333 0.9)
(0.002 0.4033333333 0.9)
(-0.002 0.44 0.9)
(0.002 0.44 0.9)
(-0.002 0.4766666667 0.9)
(0.002 0.4766666667 0.9)
(-0.002 0.5133333333 0.9)
(0.002 0.5133333333 0.9)
(-0.002 0.55 0.9)
(0.002 0.55 0.9)
(-0.002 0.5866666667 0.9)
(0.002 0.5866666667 0.9)
(-0.002 0.6233333333 0.9)
(0.002 0.6233333333 0.9)
(-0.002 0.66 0.9)
(0.002 0.66 0.9)
(-0.002 0.6966666667 0.9)
(0.002 0.6966666667 0.9)
(-0.002 0.7333333333 0.9)
(0.002 0.7333333333 0.9)
(-0.002 0.77 0.9)
(0.002 0.77 0.9)
(-0.002 0.8066666667 0.9)
(0.002 0.8066666667 0.9)
(-0.002 0.8433333333 0.9)
(0.002 0.8433333333 0.9)
(-0.002 0.88 0.9)
(0.002 0.88 0.9)
(-0.002 0.9166666667 0.9)
(0.002 0.9166666667 0.9)
(-0.002 0.9533333333 0.9)
(0.002 0.9533333333 0.9)
(-0.002 0.99 0.9)
(0.002 0.99 0.9)
(-0.002 1.026666667 0.9)
(0.002 1.026666667 0.9)
(-0.002 1.063333333 0.9)
(0.002 1.063333333 0.9)
(-0.002 1.1 0.9)
(0.002 1.1 0.9)
(-0.002 0 0.9333333333)
(0.002 0 0.9333333333)
(-0.002 0.03666666667 0.9333333333)
(0.002 0.03666666667 0.9333333333)
(-0.002 0.07333333333 0.9333333333)
(0.002 0.07333333333 0.9333333333)
(-0.002 0.11 0.9333333333)
(0.002 0.11 0.9333333333)
(-0.002 0.1466666667 0.9333333333)
(0.002 0.1466666667 0.9333333333)
(-0.002 0.1833333333 0.9333333333)
(0.002 0.1833333333 0.9333333333)
(-0.002 0.22 0.9333333333)
(0.002 0.22 0.9333333333)
(-0.002 0.2566666667 0.9333333333)
(0.002 0.2566666667 0.9333333333)
(-0.002 0.2933333333 0.9333333333)
(0.002 0.2933333333 0.9333333333)
(-0.002 0.33 0.9333333333)
(0.002 0.33 0.9333333333)
(-0.002 0.3666666667 0.9333333333)
(0.002 0.3666666667 0.9333333333)
(-0.002 0.4033333333 0.9333333333)
(0.002 0.4033333333 0.9333333333)
(-0.002 0.44 0.9333333333)
(0.002 0.44 0.9333333333)
(-0.002 0.4766666667 0.9333333333)
(0.002 0.4766666667 0.9333333333)
(-0.002 0.5133333333 0.9333333333)
(0.002 0.5133333333 0.9333333333)
(-0.002 0.55 0.9333333333)
(0.002 0.55 0.9333333333)
(-0.002 0.5866666667 0.9333333333)
(0.002 0.5866666667 0.9333333333)
(-0.002 0.6233333333 0.9333333333)
(0.002 0.6233333333 0.9333333333)
(-0.002 0.66 0.9333333333)
(0.002 0.66 0.9333333333)
(-0.002 0.6966666667 0.9333333333)
(0.002 0.6966666667 0.9333333333)
(-0.002 0.7333333333 0.9333333333)
(0.002 0.7333333333 0.9333333333)
(-0.002 0.77 0.9333333333)
(0.002 0.77 0.9333333333)
(-0.002 0.8066666667 0.9333333333)
(0.002 0.8066666667 0.9333333333)
(-0.002 0.8433333333 0.9333333333)
(0.002 0.8433333333 0.9333333333)
(-0.002 0.88 0.9333333333)
(0.002 0.88 0.9333333333)
(-0.002 0.9166666667 0.9333333333)
(0.002 0.9166666667 0.9333333333)
(-0.002 0.9533333333 0.9333333333)
(0.002 0.9533333333 0.9333333333)
(-0.002 0.99 0.9333333333)
(0.002 0.99 0.9333333333)
(-0.002 1.026666667 0.9333333333)
(0.002 1.026666667 0.9333333333)
(-0.002 1.063333333 0.9333333333)
(0.002 1.063333333 0.9333333333)
(-0.002 1.1 0.9333333333)
(0.002 1.1 0.9333333333)
(-0.002 0 0.9666666667)
(0.002 0 0.9666666667)
(-0.002 0.03666666667 0.9666666667)
(0.002 0.03666666667 0.9666666667)
(-0.002 0.07333333333 0.9666666667)
(0.002 0.07333333333 0.9666666667)
(-0.002 0.11 0.9666666667)
(0.002 0.11 0.9666666667)
(-0.002 0.1466666667 0.9666666667)
(0.002 0.1466666667 0.9666666667)
(-0.002 0.1833333333 0.9666666667)
(0.002 0.1833333333 0.9666666667)
(-0.002 0.22 0.9666666667)
(0.002 0.22 0.9666666667)
(-0.002 0.2566666667 0.9666666667)
(0.002 0.2566666667 0.9666666667)
(-0.002 0.2933333333 0.9666666667)
(0.002 0.2933333333 0.9666666667)
(-0.002 0.33 0.9666666667)
(0.002 0.33 0.9666666667)
(-0.002 0.3666666667 0.9666666667)
(0.002 0.3666666667 0.9666666667)
(-0.002 0.4033333333 0.9666666667)
(0.002 0.4033333333 0.9666666667)
(-0.002 0.44 0.9666666667)
(0.002 0.44 0.9666666667)
(-0.002 0.4766666667 0.9666666667)
(0.002 0.4766666667 0.9666666667)
(-0.002 0.5133333333 0.9666666667)
(0.002 0.5133333333 0.9666666667)
(-0.002 0.55 0.9666666667)
(0.002 0.55 0.9666666667)
(-0.002 0.5866666667 0.9666666667)
(0.002 0.5866666667 0.9666666667)
(-0.002 0.6233333333 0.9666666667)
(0.002 0.6233333333 0.9666666667)
(-0.002 0.66 0.9666666667)
(0.002 0.66 0.9666666667)
(-0.002 0.6966666667 0.9666666667)
(0.002 0.6966666667 0.9666666667)
(-0.002 0.7333333333 0.9666666667)
(0.002 0.7333333333 0.9666666667)
(-0.002 0.77 0.9666666667)
(0.002 0.77 0.9666666667)
(-0.002 0.8066666667 0.9666666667)
(0.002 0.8066666667 0.9666666667)
(-0.002 0.8433333333 0.9666666667)
(0.002 0.8433333333 0.9666666667)
(-0.002 0.88 0.9666666667)
(0.002 0.88 0.9666666667)
(-0.002 0.9166666667 0.9666666667)
(0.002 0.9166666667 0.9666666667)
(-0.002 0.9533333333 0.9666666667)
(0.002 0.9533333333 0.9666666667)
(-0.002 0.99 0.9666666667)
(0.002 0.99 0.9666666667)
(-0.002 1.026666667 0.9666666667)
(0.002 1.026666667 0.9666666667)
(-0.002 1.063333333 0.9666666667)
(0.002 1.063333333 0.9666666667)
(-0.002 1.1 0.9666666667)
(0.002 1.1 0.9666666667)
(-0.002 0 1)
(0.002 0 1)
(-0.002 0.03666666667 1)
(0.002 0.03666666667 1)
(-0.002 0.07333333333 1)
(0.002 0.07333333333 1)
(-0.002 0.11 1)
(0.002 0.11 1)
(-0.002 0.1466666667 1)
(0.002 0.1466666667 1)
(-0.002 0.1833333333 1)
(0.002 0.1833333333 1)
(-0.002 0.22 1)
(0.002 0.22 1)
(-0.002 0.2566666667 1)
(0.002 0.2566666667 1)
(-0.002 0.2933333333 1)
(0.002 0.2933333333 1)
(-0.002 0.33 1)
(0.002 0.33 1)
(-0.002 0.3666666667 1)
(0.002 0.3666666667 1)
(-0.002 0.4033333333 1)
(0.002 0.4033333333 1)
(-0.002 0.44 1)
(0.002 0.44 1)
(-0.002 0.4766666667 1)
(0.002 0.4766666667 1)
(-0.002 0.5133333333 1)
(0.002 0.5133333333 1)
(-0.002 0.55 1)
(0.002 0.55 1)
(-0.002 0.5866666667 1)
(0.002 0.5866666667 1)
(-0.002 0.6233333333 1)
(0.002 0.6233333333 1)
(-0.002 0.66 1)
(0.002 0.66 1)
(-0.002 0.6966666667 1)
(0.002 0.6966666667 1)
(-0.002 0.7333333333 1)
(0.002 0.7333333333 1)
(-0.002 0.77 1)
(0.002 0.77 1)
(-0.002 0.8066666667 1)
(0.002 0.8066666667 1)
(-0.002 0.8433333333 1)
(0.002 0.8433333333 1)
(-0.002 0.88 1)
(0.002 0.88 1)
(-0.002 0.9166666667 1)
(0.002 0.9166666667 1)
(-0.002 0.9533333333 1)
(0.002 0.9533333333 1)
(-0.002 0.99 1)
(0.002 0.99 1)
(-0.002 1.026666667 1)
(0.002 1.026666667 1)
(-0.002 1.063333333 1)
(0.002 1.063333333 1)
(-0.002 1.1 1)
(0.002 1.1 1)
)


// ************************************************************************* //
