/*--------------------------------*- C++ -*----------------------------------*\
| =========                 |                                                 |
| \\      /  F ield         | OpenFOAM: The Open Source CFD Toolbox           |
|  \\    /   O peration     | Version:  2412                                  |
|   \\  /    A nd           | Website:  www.openfoam.com                      |
|    \\/     M anipulation  |                                                 |
\*---------------------------------------------------------------------------*/
FoamFile
{
    version     2.0;
    format      ascii;
    arch        "LSB;label=32;scalar=64";
    note        "nPoints:248  nCells:90  nFaces:393  nInternalFaces:147";
    class       labelList;
    location    "constant/domain1/polyMesh";
    object      owner;
}
// * * * * * * * * * * * * * * * * * * * * * * * * * * * * * * * * * * * * * //


393
(
0
0
1
1
2
3
3
4
4
5
6
6
7
7
8
9
9
10
10
11
12
12
13
13
14
15
15
16
16
17
18
18
19
19
20
21
21
22
22
23
24
24
25
25
26
27
27
28
28
29
30
30
31
31
32
33
33
34
34
35
36
36
37
37
38
39
39
40
40
41
42
42
43
43
44
45
45
46
46
47
48
48
49
49
50
51
51
52
52
53
54
54
55
55
56
57
57
58
58
59
60
60
61
61
62
63
63
64
64
65
66
66
67
67
68
69
69
70
70
71
72
72
73
73
74
75
75
76
76
77
78
78
79
79
80
81
81
82
82
83
84
84
85
85
86
87
88
2
5
8
11
14
17
20
23
26
29
32
35
38
41
44
47
50
53
56
59
62
65
68
71
74
77
80
83
86
89
0
1
2
87
88
89
0
1
2
3
4
5
6
7
8
9
10
11
12
13
14
15
16
17
18
19
20
21
22
23
24
25
26
27
28
29
30
31
32
33
34
35
36
37
38
39
40
41
42
43
44
45
46
47
48
49
50
51
52
53
54
55
56
57
58
59
60
61
62
63
64
65
66
67
68
69
70
71
72
73
74
75
76
77
78
79
80
81
82
83
84
85
86
87
88
89
0
1
2
3
4
5
6
7
8
9
10
11
12
13
14
15
16
17
18
19
20
21
22
23
24
25
26
27
28
29
30
31
32
33
34
35
36
37
38
39
40
41
42
43
44
45
46
47
48
49
50
51
52
53
54
55
56
57
58
59
60
61
62
63
64
65
66
67
68
69
70
71
72
73
74
75
76
77
78
79
80
81
82
83
84
85
86
87
88
89
0
3
6
9
12
15
18
21
24
27
30
33
36
39
42
45
48
51
54
57
60
63
66
69
72
75
78
81
84
87
)


// ************************************************************************* //
