/*--------------------------------*- C++ -*----------------------------------*\
| =========                 |                                                 |
| \\      /  F ield         | OpenFOAM: The Open Source CFD Toolbox           |
|  \\    /   O peration     | Version:  2412                                  |
|   \\  /    A nd           | Website:  www.openfoam.com                      |
|    \\/     M anipulation  |                                                 |
\*---------------------------------------------------------------------------*/
FoamFile
{
    version     2.0;
    format      ascii;
    arch        "LSB;label=32;scalar=64";
    class       labelList;
    location    "constant/domain1/polyMesh";
    object      pointRegionAddressing;
}
// * * * * * * * * * * * * * * * * * * * * * * * * * * * * * * * * * * * * * //


248
(
54
55
56
57
58
59
60
61
116
117
118
119
120
121
122
123
178
179
180
181
182
183
184
185
240
241
242
243
244
245
246
247
302
303
304
305
306
307
308
309
364
365
366
367
368
369
370
371
426
427
428
429
430
431
432
433
488
489
490
491
492
493
494
495
550
551
552
553
554
555
556
557
612
613
614
615
616
617
618
619
674
675
676
677
678
679
680
681
736
737
738
739
740
741
742
743
798
799
800
801
802
803
804
805
860
861
862
863
864
865
866
867
922
923
924
925
926
927
928
929
984
985
986
987
988
989
990
991
1046
1047
1048
1049
1050
1051
1052
1053
1108
1109
1110
1111
1112
1113
1114
1115
1170
1171
1172
1173
1174
1175
1176
1177
1232
1233
1234
1235
1236
1237
1238
1239
1294
1295
1296
1297
1298
1299
1300
1301
1356
1357
1358
1359
1360
1361
1362
1363
1418
1419
1420
1421
1422
1423
1424
1425
1480
1481
1482
1483
1484
1485
1486
1487
1542
1543
1544
1545
1546
1547
1548
1549
1604
1605
1606
1607
1608
1609
1610
1611
1666
1667
1668
1669
1670
1671
1672
1673
1728
1729
1730
1731
1732
1733
1734
1735
1790
1791
1792
1793
1794
1795
1796
1797
1852
1853
1854
1855
1856
1857
1858
1859
1914
1915
1916
1917
1918
1919
1920
1921
)


// ************************************************************************* //
