/*--------------------------------*- C++ -*----------------------------------*\
| =========                 |                                                 |
| \\      /  F ield         | OpenFOAM: The Open Source CFD Toolbox           |
|  \\    /   O peration     | Version:  2412                                  |
|   \\  /    A nd           | Website:  www.openfoam.com                      |
|    \\/     M anipulation  |                                                 |
\*---------------------------------------------------------------------------*/
FoamFile
{
    version     2.0;
    format      ascii;
    arch        "LSB;label=32;scalar=64";
    class       faceList;
    location    "constant/box/polyMesh";
    object      faces;
}
// * * * * * * * * * * * * * * * * * * * * * * * * * * * * * * * * * * * * * //


3297
(
4(2 58 59 3)
4(56 57 59 58)
4(4 60 61 5)
4(58 59 61 60)
4(6 62 63 7)
4(60 61 63 62)
4(8 64 65 9)
4(62 63 65 64)
4(10 66 67 11)
4(64 65 67 66)
4(12 68 69 13)
4(66 67 69 68)
4(14 70 71 15)
4(68 69 71 70)
4(16 72 73 17)
4(70 71 73 72)
4(18 74 75 19)
4(72 73 75 74)
4(20 76 77 21)
4(74 75 77 76)
4(22 78 79 23)
4(76 77 79 78)
4(24 80 81 25)
4(78 79 81 80)
4(26 82 83 27)
4(80 81 83 82)
4(28 84 85 29)
4(82 83 85 84)
4(30 86 87 31)
4(84 85 87 86)
4(32 88 89 33)
4(86 87 89 88)
4(34 90 91 35)
4(88 89 91 90)
4(36 92 93 37)
4(90 91 93 92)
4(38 94 95 39)
4(92 93 95 94)
4(40 96 97 41)
4(94 95 97 96)
4(42 98 99 43)
4(96 97 99 98)
4(44 100 101 45)
4(98 99 101 100)
4(46 102 103 47)
4(100 101 103 102)
4(48 104 105 49)
4(102 103 105 104)
4(50 106 107 51)
4(104 105 107 106)
4(52 108 109 53)
4(106 107 109 108)
4(108 109 111 110)
4(58 114 115 59)
4(112 113 115 114)
4(60 116 117 61)
4(114 115 117 116)
4(62 118 119 63)
4(116 117 119 118)
4(64 120 121 65)
4(118 119 121 120)
4(66 122 123 67)
4(120 121 123 122)
4(68 124 125 69)
4(122 123 125 124)
4(70 126 127 71)
4(124 125 127 126)
4(72 128 129 73)
4(126 127 129 128)
4(74 130 131 75)
4(128 129 131 130)
4(76 132 133 77)
4(130 131 133 132)
4(78 134 135 79)
4(132 133 135 134)
4(80 136 137 81)
4(134 135 137 136)
4(82 138 139 83)
4(136 137 139 138)
4(84 140 141 85)
4(138 139 141 140)
4(86 142 143 87)
4(140 141 143 142)
4(88 144 145 89)
4(142 143 145 144)
4(90 146 147 91)
4(144 145 147 146)
4(92 148 149 93)
4(146 147 149 148)
4(94 150 151 95)
4(148 149 151 150)
4(96 152 153 97)
4(150 151 153 152)
4(98 154 155 99)
4(152 153 155 154)
4(100 156 157 101)
4(154 155 157 156)
4(102 158 159 103)
4(156 157 159 158)
4(104 160 161 105)
4(158 159 161 160)
4(106 162 163 107)
4(160 161 163 162)
4(108 164 165 109)
4(162 163 165 164)
4(164 165 167 166)
4(114 170 171 115)
4(168 169 171 170)
4(116 172 173 117)
4(170 171 173 172)
4(118 174 175 119)
4(172 173 175 174)
4(120 176 177 121)
4(174 175 177 176)
4(122 178 179 123)
4(176 177 179 178)
4(124 180 181 125)
4(178 179 181 180)
4(126 182 183 127)
4(180 181 183 182)
4(128 184 185 129)
4(182 183 185 184)
4(130 186 187 131)
4(184 185 187 186)
4(132 188 189 133)
4(186 187 189 188)
4(134 190 191 135)
4(188 189 191 190)
4(136 192 193 137)
4(190 191 193 192)
4(138 194 195 139)
4(192 193 195 194)
4(140 196 197 141)
4(194 195 197 196)
4(142 198 199 143)
4(196 197 199 198)
4(144 200 201 145)
4(198 199 201 200)
4(146 202 203 147)
4(200 201 203 202)
4(148 204 205 149)
4(202 203 205 204)
4(150 206 207 151)
4(204 205 207 206)
4(152 208 209 153)
4(206 207 209 208)
4(154 210 211 155)
4(208 209 211 210)
4(156 212 213 157)
4(210 211 213 212)
4(158 214 215 159)
4(212 213 215 214)
4(160 216 217 161)
4(214 215 217 216)
4(162 218 219 163)
4(216 217 219 218)
4(164 220 221 165)
4(218 219 221 220)
4(220 221 223 222)
4(170 226 227 171)
4(224 225 227 226)
4(172 228 229 173)
4(226 227 229 228)
4(174 230 231 175)
4(228 229 231 230)
4(176 232 233 177)
4(230 231 233 232)
4(178 234 235 179)
4(232 233 235 234)
4(180 236 237 181)
4(234 235 237 236)
4(182 238 239 183)
4(236 237 239 238)
4(184 240 241 185)
4(238 239 241 240)
4(186 242 243 187)
4(240 241 243 242)
4(188 244 245 189)
4(242 243 245 244)
4(190 246 247 191)
4(244 245 247 246)
4(192 248 249 193)
4(246 247 249 248)
4(194 250 251 195)
4(248 249 251 250)
4(196 252 253 197)
4(250 251 253 252)
4(198 254 255 199)
4(252 253 255 254)
4(200 256 257 201)
4(254 255 257 256)
4(202 258 259 203)
4(256 257 259 258)
4(204 260 261 205)
4(258 259 261 260)
4(206 262 263 207)
4(260 261 263 262)
4(208 264 265 209)
4(262 263 265 264)
4(210 266 267 211)
4(264 265 267 266)
4(212 268 269 213)
4(266 267 269 268)
4(214 270 271 215)
4(268 269 271 270)
4(216 272 273 217)
4(270 271 273 272)
4(218 274 275 219)
4(272 273 275 274)
4(220 276 277 221)
4(274 275 277 276)
4(276 277 279 278)
4(226 282 283 227)
4(280 281 283 282)
4(228 284 285 229)
4(282 283 285 284)
4(230 286 287 231)
4(284 285 287 286)
4(232 288 289 233)
4(286 287 289 288)
4(234 290 291 235)
4(288 289 291 290)
4(236 292 293 237)
4(290 291 293 292)
4(238 294 295 239)
4(292 293 295 294)
4(240 296 297 241)
4(294 295 297 296)
4(242 298 299 243)
4(296 297 299 298)
4(244 300 301 245)
4(298 299 301 300)
4(246 302 303 247)
4(300 301 303 302)
4(248 304 305 249)
4(302 303 305 304)
4(250 306 307 251)
4(304 305 307 306)
4(252 308 309 253)
4(306 307 309 308)
4(254 310 311 255)
4(308 309 311 310)
4(256 312 313 257)
4(310 311 313 312)
4(258 314 315 259)
4(312 313 315 314)
4(260 316 317 261)
4(314 315 317 316)
4(262 318 319 263)
4(316 317 319 318)
4(264 320 321 265)
4(318 319 321 320)
4(266 322 323 267)
4(320 321 323 322)
4(268 324 325 269)
4(322 323 325 324)
4(270 326 327 271)
4(324 325 327 326)
4(272 328 329 273)
4(326 327 329 328)
4(274 330 331 275)
4(328 329 331 330)
4(276 332 333 277)
4(330 331 333 332)
4(332 333 335 334)
4(282 338 339 283)
4(336 337 339 338)
4(284 340 341 285)
4(338 339 341 340)
4(286 342 343 287)
4(340 341 343 342)
4(288 344 345 289)
4(342 343 345 344)
4(290 346 347 291)
4(344 345 347 346)
4(292 348 349 293)
4(346 347 349 348)
4(294 350 351 295)
4(348 349 351 350)
4(296 352 353 297)
4(350 351 353 352)
4(298 354 355 299)
4(352 353 355 354)
4(300 356 357 301)
4(354 355 357 356)
4(302 358 359 303)
4(356 357 359 358)
4(304 360 361 305)
4(358 359 361 360)
4(306 362 363 307)
4(360 361 363 362)
4(308 364 365 309)
4(362 363 365 364)
4(310 366 367 311)
4(364 365 367 366)
4(312 368 369 313)
4(366 367 369 368)
4(314 370 371 315)
4(368 369 371 370)
4(316 372 373 317)
4(370 371 373 372)
4(318 374 375 319)
4(372 373 375 374)
4(320 376 377 321)
4(374 375 377 376)
4(322 378 379 323)
4(376 377 379 378)
4(324 380 381 325)
4(378 379 381 380)
4(326 382 383 327)
4(380 381 383 382)
4(328 384 385 329)
4(382 383 385 384)
4(330 386 387 331)
4(384 385 387 386)
4(332 388 389 333)
4(386 387 389 388)
4(388 389 391 390)
4(338 394 395 339)
4(392 393 395 394)
4(340 396 397 341)
4(394 395 397 396)
4(342 398 399 343)
4(396 397 399 398)
4(344 400 401 345)
4(398 399 401 400)
4(346 402 403 347)
4(400 401 403 402)
4(348 404 405 349)
4(402 403 405 404)
4(350 406 407 351)
4(404 405 407 406)
4(352 408 409 353)
4(406 407 409 408)
4(354 410 411 355)
4(408 409 411 410)
4(356 412 413 357)
4(410 411 413 412)
4(358 414 415 359)
4(412 413 415 414)
4(360 416 417 361)
4(414 415 417 416)
4(362 418 419 363)
4(416 417 419 418)
4(364 420 421 365)
4(418 419 421 420)
4(366 422 423 367)
4(420 421 423 422)
4(368 424 425 369)
4(422 423 425 424)
4(370 426 427 371)
4(424 425 427 426)
4(372 428 429 373)
4(426 427 429 428)
4(374 430 431 375)
4(428 429 431 430)
4(376 432 433 377)
4(430 431 433 432)
4(378 434 435 379)
4(432 433 435 434)
4(380 436 437 381)
4(434 435 437 436)
4(382 438 439 383)
4(436 437 439 438)
4(384 440 441 385)
4(438 439 441 440)
4(386 442 443 387)
4(440 441 443 442)
4(388 444 445 389)
4(442 443 445 444)
4(444 445 447 446)
4(394 450 451 395)
4(448 449 451 450)
4(396 452 453 397)
4(450 451 453 452)
4(398 454 455 399)
4(452 453 455 454)
4(400 456 457 401)
4(454 455 457 456)
4(402 458 459 403)
4(456 457 459 458)
4(404 460 461 405)
4(458 459 461 460)
4(406 462 463 407)
4(460 461 463 462)
4(408 464 465 409)
4(462 463 465 464)
4(410 466 467 411)
4(464 465 467 466)
4(412 468 469 413)
4(466 467 469 468)
4(414 470 471 415)
4(468 469 471 470)
4(416 472 473 417)
4(470 471 473 472)
4(418 474 475 419)
4(472 473 475 474)
4(420 476 477 421)
4(474 475 477 476)
4(422 478 479 423)
4(476 477 479 478)
4(424 480 481 425)
4(478 479 481 480)
4(426 482 483 427)
4(480 481 483 482)
4(428 484 485 429)
4(482 483 485 484)
4(430 486 487 431)
4(484 485 487 486)
4(432 488 489 433)
4(486 487 489 488)
4(434 490 491 435)
4(488 489 491 490)
4(436 492 493 437)
4(490 491 493 492)
4(438 494 495 439)
4(492 493 495 494)
4(440 496 497 441)
4(494 495 497 496)
4(442 498 499 443)
4(496 497 499 498)
4(444 500 501 445)
4(498 499 501 500)
4(500 501 503 502)
4(450 506 507 451)
4(504 505 507 506)
4(452 508 509 453)
4(506 507 509 508)
4(454 510 511 455)
4(508 509 511 510)
4(456 512 513 457)
4(510 511 513 512)
4(458 514 515 459)
4(512 513 515 514)
4(460 516 517 461)
4(514 515 517 516)
4(462 518 519 463)
4(516 517 519 518)
4(464 520 521 465)
4(518 519 521 520)
4(466 522 523 467)
4(520 521 523 522)
4(468 524 525 469)
4(522 523 525 524)
4(470 526 527 471)
4(524 525 527 526)
4(472 528 529 473)
4(526 527 529 528)
4(474 530 531 475)
4(528 529 531 530)
4(476 532 533 477)
4(530 531 533 532)
4(478 534 535 479)
4(532 533 535 534)
4(480 536 537 481)
4(534 535 537 536)
4(482 538 539 483)
4(536 537 539 538)
4(484 540 541 485)
4(538 539 541 540)
4(486 542 543 487)
4(540 541 543 542)
4(488 544 545 489)
4(542 543 545 544)
4(490 546 547 491)
4(544 545 547 546)
4(492 548 549 493)
4(546 547 549 548)
4(494 550 551 495)
4(548 549 551 550)
4(496 552 553 497)
4(550 551 553 552)
4(498 554 555 499)
4(552 553 555 554)
4(500 556 557 501)
4(554 555 557 556)
4(556 557 559 558)
4(506 562 563 507)
4(560 561 563 562)
4(508 564 565 509)
4(562 563 565 564)
4(510 566 567 511)
4(564 565 567 566)
4(512 568 569 513)
4(566 567 569 568)
4(514 570 571 515)
4(568 569 571 570)
4(516 572 573 517)
4(570 571 573 572)
4(518 574 575 519)
4(572 573 575 574)
4(520 576 577 521)
4(574 575 577 576)
4(522 578 579 523)
4(576 577 579 578)
4(524 580 581 525)
4(578 579 581 580)
4(526 582 583 527)
4(580 581 583 582)
4(528 584 585 529)
4(582 583 585 584)
4(530 586 587 531)
4(584 585 587 586)
4(532 588 589 533)
4(586 587 589 588)
4(534 590 591 535)
4(588 589 591 590)
4(536 592 593 537)
4(590 591 593 592)
4(538 594 595 539)
4(592 593 595 594)
4(540 596 597 541)
4(594 595 597 596)
4(542 598 599 543)
4(596 597 599 598)
4(544 600 601 545)
4(598 599 601 600)
4(546 602 603 547)
4(600 601 603 602)
4(548 604 605 549)
4(602 603 605 604)
4(550 606 607 551)
4(604 605 607 606)
4(552 608 609 553)
4(606 607 609 608)
4(554 610 611 555)
4(608 609 611 610)
4(556 612 613 557)
4(610 611 613 612)
4(612 613 615 614)
4(562 618 619 563)
4(616 617 619 618)
4(564 620 621 565)
4(618 619 621 620)
4(566 622 623 567)
4(620 621 623 622)
4(568 624 625 569)
4(622 623 625 624)
4(570 626 627 571)
4(624 625 627 626)
4(572 628 629 573)
4(626 627 629 628)
4(574 630 631 575)
4(628 629 631 630)
4(576 632 633 577)
4(630 631 633 632)
4(578 634 635 579)
4(632 633 635 634)
4(580 636 637 581)
4(634 635 637 636)
4(582 638 639 583)
4(636 637 639 638)
4(584 640 641 585)
4(638 639 641 640)
4(586 642 643 587)
4(640 641 643 642)
4(588 644 645 589)
4(642 643 645 644)
4(590 646 647 591)
4(644 645 647 646)
4(592 648 649 593)
4(646 647 649 648)
4(594 650 651 595)
4(648 649 651 650)
4(596 652 653 597)
4(650 651 653 652)
4(598 654 655 599)
4(652 653 655 654)
4(600 656 657 601)
4(654 655 657 656)
4(602 658 659 603)
4(656 657 659 658)
4(604 660 661 605)
4(658 659 661 660)
4(606 662 663 607)
4(660 661 663 662)
4(608 664 665 609)
4(662 663 665 664)
4(610 666 667 611)
4(664 665 667 666)
4(612 668 669 613)
4(666 667 669 668)
4(668 669 671 670)
4(618 674 675 619)
4(672 673 675 674)
4(620 676 677 621)
4(674 675 677 676)
4(622 678 679 623)
4(676 677 679 678)
4(624 680 681 625)
4(678 679 681 680)
4(626 682 683 627)
4(680 681 683 682)
4(628 684 685 629)
4(682 683 685 684)
4(630 686 687 631)
4(684 685 687 686)
4(632 688 689 633)
4(686 687 689 688)
4(634 690 691 635)
4(688 689 691 690)
4(636 692 693 637)
4(690 691 693 692)
4(638 694 695 639)
4(692 693 695 694)
4(640 696 697 641)
4(694 695 697 696)
4(642 698 699 643)
4(696 697 699 698)
4(644 700 701 645)
4(698 699 701 700)
4(646 702 703 647)
4(700 701 703 702)
4(648 704 705 649)
4(702 703 705 704)
4(650 706 707 651)
4(704 705 707 706)
4(652 708 709 653)
4(706 707 709 708)
4(654 710 711 655)
4(708 709 711 710)
4(656 712 713 657)
4(710 711 713 712)
4(658 714 715 659)
4(712 713 715 714)
4(660 716 717 661)
4(714 715 717 716)
4(662 718 719 663)
4(716 717 719 718)
4(664 720 721 665)
4(718 719 721 720)
4(666 722 723 667)
4(720 721 723 722)
4(668 724 725 669)
4(722 723 725 724)
4(724 725 727 726)
4(674 730 731 675)
4(728 729 731 730)
4(676 732 733 677)
4(730 731 733 732)
4(678 734 735 679)
4(732 733 735 734)
4(680 736 737 681)
4(734 735 737 736)
4(682 738 739 683)
4(736 737 739 738)
4(684 740 741 685)
4(738 739 741 740)
4(686 742 743 687)
4(740 741 743 742)
4(688 744 745 689)
4(742 743 745 744)
4(690 746 747 691)
4(744 745 747 746)
4(692 748 749 693)
4(746 747 749 748)
4(694 750 751 695)
4(748 749 751 750)
4(696 752 753 697)
4(750 751 753 752)
4(698 754 755 699)
4(752 753 755 754)
4(700 756 757 701)
4(754 755 757 756)
4(702 758 759 703)
4(756 757 759 758)
4(704 760 761 705)
4(758 759 761 760)
4(706 762 763 707)
4(760 761 763 762)
4(708 764 765 709)
4(762 763 765 764)
4(710 766 767 711)
4(764 765 767 766)
4(712 768 769 713)
4(766 767 769 768)
4(714 770 771 715)
4(768 769 771 770)
4(716 772 773 717)
4(770 771 773 772)
4(718 774 775 719)
4(772 773 775 774)
4(720 776 777 721)
4(774 775 777 776)
4(722 778 779 723)
4(776 777 779 778)
4(724 780 781 725)
4(778 779 781 780)
4(780 781 783 782)
4(730 786 787 731)
4(784 785 787 786)
4(732 788 789 733)
4(786 787 789 788)
4(734 790 791 735)
4(788 789 791 790)
4(736 792 793 737)
4(790 791 793 792)
4(738 794 795 739)
4(792 793 795 794)
4(740 796 797 741)
4(794 795 797 796)
4(742 798 799 743)
4(796 797 799 798)
4(744 800 801 745)
4(798 799 801 800)
4(746 802 803 747)
4(800 801 803 802)
4(748 804 805 749)
4(802 803 805 804)
4(750 806 807 751)
4(804 805 807 806)
4(752 808 809 753)
4(806 807 809 808)
4(754 810 811 755)
4(808 809 811 810)
4(756 812 813 757)
4(810 811 813 812)
4(758 814 815 759)
4(812 813 815 814)
4(760 816 817 761)
4(814 815 817 816)
4(762 818 819 763)
4(816 817 819 818)
4(764 820 821 765)
4(818 819 821 820)
4(766 822 823 767)
4(820 821 823 822)
4(768 824 825 769)
4(822 823 825 824)
4(770 826 827 771)
4(824 825 827 826)
4(772 828 829 773)
4(826 827 829 828)
4(774 830 831 775)
4(828 829 831 830)
4(776 832 833 777)
4(830 831 833 832)
4(778 834 835 779)
4(832 833 835 834)
4(780 836 837 781)
4(834 835 837 836)
4(836 837 839 838)
4(786 842 843 787)
4(840 841 843 842)
4(788 844 845 789)
4(842 843 845 844)
4(790 846 847 791)
4(844 845 847 846)
4(792 848 849 793)
4(846 847 849 848)
4(794 850 851 795)
4(848 849 851 850)
4(796 852 853 797)
4(850 851 853 852)
4(798 854 855 799)
4(852 853 855 854)
4(800 856 857 801)
4(854 855 857 856)
4(802 858 859 803)
4(856 857 859 858)
4(804 860 861 805)
4(858 859 861 860)
4(806 862 863 807)
4(860 861 863 862)
4(808 864 865 809)
4(862 863 865 864)
4(810 866 867 811)
4(864 865 867 866)
4(812 868 869 813)
4(866 867 869 868)
4(814 870 871 815)
4(868 869 871 870)
4(816 872 873 817)
4(870 871 873 872)
4(818 874 875 819)
4(872 873 875 874)
4(820 876 877 821)
4(874 875 877 876)
4(822 878 879 823)
4(876 877 879 878)
4(824 880 881 825)
4(878 879 881 880)
4(826 882 883 827)
4(880 881 883 882)
4(828 884 885 829)
4(882 883 885 884)
4(830 886 887 831)
4(884 885 887 886)
4(832 888 889 833)
4(886 887 889 888)
4(834 890 891 835)
4(888 889 891 890)
4(836 892 893 837)
4(890 891 893 892)
4(892 893 895 894)
4(842 898 899 843)
4(896 897 899 898)
4(844 900 901 845)
4(898 899 901 900)
4(846 902 903 847)
4(900 901 903 902)
4(848 904 905 849)
4(902 903 905 904)
4(850 906 907 851)
4(904 905 907 906)
4(852 908 909 853)
4(906 907 909 908)
4(854 910 911 855)
4(908 909 911 910)
4(856 912 913 857)
4(910 911 913 912)
4(858 914 915 859)
4(912 913 915 914)
4(860 916 917 861)
4(914 915 917 916)
4(862 918 919 863)
4(916 917 919 918)
4(864 920 921 865)
4(918 919 921 920)
4(866 922 923 867)
4(920 921 923 922)
4(868 924 925 869)
4(922 923 925 924)
4(870 926 927 871)
4(924 925 927 926)
4(872 928 929 873)
4(926 927 929 928)
4(874 930 931 875)
4(928 929 931 930)
4(876 932 933 877)
4(930 931 933 932)
4(878 934 935 879)
4(932 933 935 934)
4(880 936 937 881)
4(934 935 937 936)
4(882 938 939 883)
4(936 937 939 938)
4(884 940 941 885)
4(938 939 941 940)
4(886 942 943 887)
4(940 941 943 942)
4(888 944 945 889)
4(942 943 945 944)
4(890 946 947 891)
4(944 945 947 946)
4(892 948 949 893)
4(946 947 949 948)
4(948 949 951 950)
4(898 954 955 899)
4(952 953 955 954)
4(900 956 957 901)
4(954 955 957 956)
4(902 958 959 903)
4(956 957 959 958)
4(904 960 961 905)
4(958 959 961 960)
4(906 962 963 907)
4(960 961 963 962)
4(908 964 965 909)
4(962 963 965 964)
4(910 966 967 911)
4(964 965 967 966)
4(912 968 969 913)
4(966 967 969 968)
4(914 970 971 915)
4(968 969 971 970)
4(916 972 973 917)
4(970 971 973 972)
4(918 974 975 919)
4(972 973 975 974)
4(920 976 977 921)
4(974 975 977 976)
4(922 978 979 923)
4(976 977 979 978)
4(924 980 981 925)
4(978 979 981 980)
4(926 982 983 927)
4(980 981 983 982)
4(928 984 985 929)
4(982 983 985 984)
4(930 986 987 931)
4(984 985 987 986)
4(932 988 989 933)
4(986 987 989 988)
4(934 990 991 935)
4(988 989 991 990)
4(936 992 993 937)
4(990 991 993 992)
4(938 994 995 939)
4(992 993 995 994)
4(940 996 997 941)
4(994 995 997 996)
4(942 998 999 943)
4(996 997 999 998)
4(944 1000 1001 945)
4(998 999 1001 1000)
4(946 1002 1003 947)
4(1000 1001 1003 1002)
4(948 1004 1005 949)
4(1002 1003 1005 1004)
4(1004 1005 1007 1006)
4(954 1010 1011 955)
4(1008 1009 1011 1010)
4(956 1012 1013 957)
4(1010 1011 1013 1012)
4(958 1014 1015 959)
4(1012 1013 1015 1014)
4(960 1016 1017 961)
4(1014 1015 1017 1016)
4(962 1018 1019 963)
4(1016 1017 1019 1018)
4(964 1020 1021 965)
4(1018 1019 1021 1020)
4(966 1022 1023 967)
4(1020 1021 1023 1022)
4(968 1024 1025 969)
4(1022 1023 1025 1024)
4(970 1026 1027 971)
4(1024 1025 1027 1026)
4(972 1028 1029 973)
4(1026 1027 1029 1028)
4(974 1030 1031 975)
4(1028 1029 1031 1030)
4(976 1032 1033 977)
4(1030 1031 1033 1032)
4(978 1034 1035 979)
4(1032 1033 1035 1034)
4(980 1036 1037 981)
4(1034 1035 1037 1036)
4(982 1038 1039 983)
4(1036 1037 1039 1038)
4(984 1040 1041 985)
4(1038 1039 1041 1040)
4(986 1042 1043 987)
4(1040 1041 1043 1042)
4(988 1044 1045 989)
4(1042 1043 1045 1044)
4(990 1046 1047 991)
4(1044 1045 1047 1046)
4(992 1048 1049 993)
4(1046 1047 1049 1048)
4(994 1050 1051 995)
4(1048 1049 1051 1050)
4(996 1052 1053 997)
4(1050 1051 1053 1052)
4(998 1054 1055 999)
4(1052 1053 1055 1054)
4(1000 1056 1057 1001)
4(1054 1055 1057 1056)
4(1002 1058 1059 1003)
4(1056 1057 1059 1058)
4(1004 1060 1061 1005)
4(1058 1059 1061 1060)
4(1060 1061 1063 1062)
4(1010 1066 1067 1011)
4(1064 1065 1067 1066)
4(1012 1068 1069 1013)
4(1066 1067 1069 1068)
4(1014 1070 1071 1015)
4(1068 1069 1071 1070)
4(1016 1072 1073 1017)
4(1070 1071 1073 1072)
4(1018 1074 1075 1019)
4(1072 1073 1075 1074)
4(1020 1076 1077 1021)
4(1074 1075 1077 1076)
4(1022 1078 1079 1023)
4(1076 1077 1079 1078)
4(1024 1080 1081 1025)
4(1078 1079 1081 1080)
4(1026 1082 1083 1027)
4(1080 1081 1083 1082)
4(1028 1084 1085 1029)
4(1082 1083 1085 1084)
4(1030 1086 1087 1031)
4(1084 1085 1087 1086)
4(1032 1088 1089 1033)
4(1086 1087 1089 1088)
4(1034 1090 1091 1035)
4(1088 1089 1091 1090)
4(1036 1092 1093 1037)
4(1090 1091 1093 1092)
4(1038 1094 1095 1039)
4(1092 1093 1095 1094)
4(1040 1096 1097 1041)
4(1094 1095 1097 1096)
4(1042 1098 1099 1043)
4(1096 1097 1099 1098)
4(1044 1100 1101 1045)
4(1098 1099 1101 1100)
4(1046 1102 1103 1047)
4(1100 1101 1103 1102)
4(1048 1104 1105 1049)
4(1102 1103 1105 1104)
4(1050 1106 1107 1051)
4(1104 1105 1107 1106)
4(1052 1108 1109 1053)
4(1106 1107 1109 1108)
4(1054 1110 1111 1055)
4(1108 1109 1111 1110)
4(1056 1112 1113 1057)
4(1110 1111 1113 1112)
4(1058 1114 1115 1059)
4(1112 1113 1115 1114)
4(1060 1116 1117 1061)
4(1114 1115 1117 1116)
4(1116 1117 1119 1118)
4(1066 1122 1123 1067)
4(1120 1121 1123 1122)
4(1068 1124 1125 1069)
4(1122 1123 1125 1124)
4(1070 1126 1127 1071)
4(1124 1125 1127 1126)
4(1072 1128 1129 1073)
4(1126 1127 1129 1128)
4(1074 1130 1131 1075)
4(1128 1129 1131 1130)
4(1076 1132 1133 1077)
4(1130 1131 1133 1132)
4(1078 1134 1135 1079)
4(1132 1133 1135 1134)
4(1080 1136 1137 1081)
4(1134 1135 1137 1136)
4(1082 1138 1139 1083)
4(1136 1137 1139 1138)
4(1084 1140 1141 1085)
4(1138 1139 1141 1140)
4(1086 1142 1143 1087)
4(1140 1141 1143 1142)
4(1088 1144 1145 1089)
4(1142 1143 1145 1144)
4(1090 1146 1147 1091)
4(1144 1145 1147 1146)
4(1092 1148 1149 1093)
4(1146 1147 1149 1148)
4(1094 1150 1151 1095)
4(1148 1149 1151 1150)
4(1096 1152 1153 1097)
4(1150 1151 1153 1152)
4(1098 1154 1155 1099)
4(1152 1153 1155 1154)
4(1100 1156 1157 1101)
4(1154 1155 1157 1156)
4(1102 1158 1159 1103)
4(1156 1157 1159 1158)
4(1104 1160 1161 1105)
4(1158 1159 1161 1160)
4(1106 1162 1163 1107)
4(1160 1161 1163 1162)
4(1108 1164 1165 1109)
4(1162 1163 1165 1164)
4(1110 1166 1167 1111)
4(1164 1165 1167 1166)
4(1112 1168 1169 1113)
4(1166 1167 1169 1168)
4(1114 1170 1171 1115)
4(1168 1169 1171 1170)
4(1116 1172 1173 1117)
4(1170 1171 1173 1172)
4(1172 1173 1175 1174)
4(1122 1178 1179 1123)
4(1176 1177 1179 1178)
4(1124 1180 1181 1125)
4(1178 1179 1181 1180)
4(1126 1182 1183 1127)
4(1180 1181 1183 1182)
4(1128 1184 1185 1129)
4(1182 1183 1185 1184)
4(1130 1186 1187 1131)
4(1184 1185 1187 1186)
4(1132 1188 1189 1133)
4(1186 1187 1189 1188)
4(1134 1190 1191 1135)
4(1188 1189 1191 1190)
4(1136 1192 1193 1137)
4(1190 1191 1193 1192)
4(1138 1194 1195 1139)
4(1192 1193 1195 1194)
4(1140 1196 1197 1141)
4(1194 1195 1197 1196)
4(1142 1198 1199 1143)
4(1196 1197 1199 1198)
4(1144 1200 1201 1145)
4(1198 1199 1201 1200)
4(1146 1202 1203 1147)
4(1200 1201 1203 1202)
4(1148 1204 1205 1149)
4(1202 1203 1205 1204)
4(1150 1206 1207 1151)
4(1204 1205 1207 1206)
4(1152 1208 1209 1153)
4(1206 1207 1209 1208)
4(1154 1210 1211 1155)
4(1208 1209 1211 1210)
4(1156 1212 1213 1157)
4(1210 1211 1213 1212)
4(1158 1214 1215 1159)
4(1212 1213 1215 1214)
4(1160 1216 1217 1161)
4(1214 1215 1217 1216)
4(1162 1218 1219 1163)
4(1216 1217 1219 1218)
4(1164 1220 1221 1165)
4(1218 1219 1221 1220)
4(1166 1222 1223 1167)
4(1220 1221 1223 1222)
4(1168 1224 1225 1169)
4(1222 1223 1225 1224)
4(1170 1226 1227 1171)
4(1224 1225 1227 1226)
4(1172 1228 1229 1173)
4(1226 1227 1229 1228)
4(1228 1229 1231 1230)
4(1178 1234 1235 1179)
4(1232 1233 1235 1234)
4(1180 1236 1237 1181)
4(1234 1235 1237 1236)
4(1182 1238 1239 1183)
4(1236 1237 1239 1238)
4(1184 1240 1241 1185)
4(1238 1239 1241 1240)
4(1186 1242 1243 1187)
4(1240 1241 1243 1242)
4(1188 1244 1245 1189)
4(1242 1243 1245 1244)
4(1190 1246 1247 1191)
4(1244 1245 1247 1246)
4(1192 1248 1249 1193)
4(1246 1247 1249 1248)
4(1194 1250 1251 1195)
4(1248 1249 1251 1250)
4(1196 1252 1253 1197)
4(1250 1251 1253 1252)
4(1198 1254 1255 1199)
4(1252 1253 1255 1254)
4(1200 1256 1257 1201)
4(1254 1255 1257 1256)
4(1202 1258 1259 1203)
4(1256 1257 1259 1258)
4(1204 1260 1261 1205)
4(1258 1259 1261 1260)
4(1206 1262 1263 1207)
4(1260 1261 1263 1262)
4(1208 1264 1265 1209)
4(1262 1263 1265 1264)
4(1210 1266 1267 1211)
4(1264 1265 1267 1266)
4(1212 1268 1269 1213)
4(1266 1267 1269 1268)
4(1214 1270 1271 1215)
4(1268 1269 1271 1270)
4(1216 1272 1273 1217)
4(1270 1271 1273 1272)
4(1218 1274 1275 1219)
4(1272 1273 1275 1274)
4(1220 1276 1277 1221)
4(1274 1275 1277 1276)
4(1222 1278 1279 1223)
4(1276 1277 1279 1278)
4(1224 1280 1281 1225)
4(1278 1279 1281 1280)
4(1226 1282 1283 1227)
4(1280 1281 1283 1282)
4(1228 1284 1285 1229)
4(1282 1283 1285 1284)
4(1284 1285 1287 1286)
4(1234 1290 1291 1235)
4(1288 1289 1291 1290)
4(1236 1292 1293 1237)
4(1290 1291 1293 1292)
4(1238 1294 1295 1239)
4(1292 1293 1295 1294)
4(1240 1296 1297 1241)
4(1294 1295 1297 1296)
4(1242 1298 1299 1243)
4(1296 1297 1299 1298)
4(1244 1300 1301 1245)
4(1298 1299 1301 1300)
4(1246 1302 1303 1247)
4(1300 1301 1303 1302)
4(1248 1304 1305 1249)
4(1302 1303 1305 1304)
4(1250 1306 1307 1251)
4(1304 1305 1307 1306)
4(1252 1308 1309 1253)
4(1306 1307 1309 1308)
4(1254 1310 1311 1255)
4(1308 1309 1311 1310)
4(1256 1312 1313 1257)
4(1310 1311 1313 1312)
4(1258 1314 1315 1259)
4(1312 1313 1315 1314)
4(1260 1316 1317 1261)
4(1314 1315 1317 1316)
4(1262 1318 1319 1263)
4(1316 1317 1319 1318)
4(1264 1320 1321 1265)
4(1318 1319 1321 1320)
4(1266 1322 1323 1267)
4(1320 1321 1323 1322)
4(1268 1324 1325 1269)
4(1322 1323 1325 1324)
4(1270 1326 1327 1271)
4(1324 1325 1327 1326)
4(1272 1328 1329 1273)
4(1326 1327 1329 1328)
4(1274 1330 1331 1275)
4(1328 1329 1331 1330)
4(1276 1332 1333 1277)
4(1330 1331 1333 1332)
4(1278 1334 1335 1279)
4(1332 1333 1335 1334)
4(1280 1336 1337 1281)
4(1334 1335 1337 1336)
4(1282 1338 1339 1283)
4(1336 1337 1339 1338)
4(1284 1340 1341 1285)
4(1338 1339 1341 1340)
4(1340 1341 1343 1342)
4(1290 1346 1347 1291)
4(1344 1345 1347 1346)
4(1292 1348 1349 1293)
4(1346 1347 1349 1348)
4(1294 1350 1351 1295)
4(1348 1349 1351 1350)
4(1296 1352 1353 1297)
4(1350 1351 1353 1352)
4(1298 1354 1355 1299)
4(1352 1353 1355 1354)
4(1300 1356 1357 1301)
4(1354 1355 1357 1356)
4(1302 1358 1359 1303)
4(1356 1357 1359 1358)
4(1304 1360 1361 1305)
4(1358 1359 1361 1360)
4(1306 1362 1363 1307)
4(1360 1361 1363 1362)
4(1308 1364 1365 1309)
4(1362 1363 1365 1364)
4(1310 1366 1367 1311)
4(1364 1365 1367 1366)
4(1312 1368 1369 1313)
4(1366 1367 1369 1368)
4(1314 1370 1371 1315)
4(1368 1369 1371 1370)
4(1316 1372 1373 1317)
4(1370 1371 1373 1372)
4(1318 1374 1375 1319)
4(1372 1373 1375 1374)
4(1320 1376 1377 1321)
4(1374 1375 1377 1376)
4(1322 1378 1379 1323)
4(1376 1377 1379 1378)
4(1324 1380 1381 1325)
4(1378 1379 1381 1380)
4(1326 1382 1383 1327)
4(1380 1381 1383 1382)
4(1328 1384 1385 1329)
4(1382 1383 1385 1384)
4(1330 1386 1387 1331)
4(1384 1385 1387 1386)
4(1332 1388 1389 1333)
4(1386 1387 1389 1388)
4(1334 1390 1391 1335)
4(1388 1389 1391 1390)
4(1336 1392 1393 1337)
4(1390 1391 1393 1392)
4(1338 1394 1395 1339)
4(1392 1393 1395 1394)
4(1340 1396 1397 1341)
4(1394 1395 1397 1396)
4(1396 1397 1399 1398)
4(1346 1402 1403 1347)
4(1400 1401 1403 1402)
4(1348 1404 1405 1349)
4(1402 1403 1405 1404)
4(1350 1406 1407 1351)
4(1404 1405 1407 1406)
4(1352 1408 1409 1353)
4(1406 1407 1409 1408)
4(1354 1410 1411 1355)
4(1408 1409 1411 1410)
4(1356 1412 1413 1357)
4(1410 1411 1413 1412)
4(1358 1414 1415 1359)
4(1412 1413 1415 1414)
4(1360 1416 1417 1361)
4(1414 1415 1417 1416)
4(1362 1418 1419 1363)
4(1416 1417 1419 1418)
4(1364 1420 1421 1365)
4(1418 1419 1421 1420)
4(1366 1422 1423 1367)
4(1420 1421 1423 1422)
4(1368 1424 1425 1369)
4(1422 1423 1425 1424)
4(1370 1426 1427 1371)
4(1424 1425 1427 1426)
4(1372 1428 1429 1373)
4(1426 1427 1429 1428)
4(1374 1430 1431 1375)
4(1428 1429 1431 1430)
4(1376 1432 1433 1377)
4(1430 1431 1433 1432)
4(1378 1434 1435 1379)
4(1432 1433 1435 1434)
4(1380 1436 1437 1381)
4(1434 1435 1437 1436)
4(1382 1438 1439 1383)
4(1436 1437 1439 1438)
4(1384 1440 1441 1385)
4(1438 1439 1441 1440)
4(1386 1442 1443 1387)
4(1440 1441 1443 1442)
4(1388 1444 1445 1389)
4(1442 1443 1445 1444)
4(1390 1446 1447 1391)
4(1444 1445 1447 1446)
4(1392 1448 1449 1393)
4(1446 1447 1449 1448)
4(1394 1450 1451 1395)
4(1448 1449 1451 1450)
4(1396 1452 1453 1397)
4(1450 1451 1453 1452)
4(1452 1453 1455 1454)
4(1402 1458 1459 1403)
4(1456 1457 1459 1458)
4(1404 1460 1461 1405)
4(1458 1459 1461 1460)
4(1406 1462 1463 1407)
4(1460 1461 1463 1462)
4(1408 1464 1465 1409)
4(1462 1463 1465 1464)
4(1410 1466 1467 1411)
4(1464 1465 1467 1466)
4(1412 1468 1469 1413)
4(1466 1467 1469 1468)
4(1414 1470 1471 1415)
4(1468 1469 1471 1470)
4(1416 1472 1473 1417)
4(1470 1471 1473 1472)
4(1418 1474 1475 1419)
4(1472 1473 1475 1474)
4(1420 1476 1477 1421)
4(1474 1475 1477 1476)
4(1422 1478 1479 1423)
4(1476 1477 1479 1478)
4(1424 1480 1481 1425)
4(1478 1479 1481 1480)
4(1426 1482 1483 1427)
4(1480 1481 1483 1482)
4(1428 1484 1485 1429)
4(1482 1483 1485 1484)
4(1430 1486 1487 1431)
4(1484 1485 1487 1486)
4(1432 1488 1489 1433)
4(1486 1487 1489 1488)
4(1434 1490 1491 1435)
4(1488 1489 1491 1490)
4(1436 1492 1493 1437)
4(1490 1491 1493 1492)
4(1438 1494 1495 1439)
4(1492 1493 1495 1494)
4(1440 1496 1497 1441)
4(1494 1495 1497 1496)
4(1442 1498 1499 1443)
4(1496 1497 1499 1498)
4(1444 1500 1501 1445)
4(1498 1499 1501 1500)
4(1446 1502 1503 1447)
4(1500 1501 1503 1502)
4(1448 1504 1505 1449)
4(1502 1503 1505 1504)
4(1450 1506 1507 1451)
4(1504 1505 1507 1506)
4(1452 1508 1509 1453)
4(1506 1507 1509 1508)
4(1508 1509 1511 1510)
4(1458 1514 1515 1459)
4(1512 1513 1515 1514)
4(1460 1516 1517 1461)
4(1514 1515 1517 1516)
4(1462 1518 1519 1463)
4(1516 1517 1519 1518)
4(1464 1520 1521 1465)
4(1518 1519 1521 1520)
4(1466 1522 1523 1467)
4(1520 1521 1523 1522)
4(1468 1524 1525 1469)
4(1522 1523 1525 1524)
4(1470 1526 1527 1471)
4(1524 1525 1527 1526)
4(1472 1528 1529 1473)
4(1526 1527 1529 1528)
4(1474 1530 1531 1475)
4(1528 1529 1531 1530)
4(1476 1532 1533 1477)
4(1530 1531 1533 1532)
4(1478 1534 1535 1479)
4(1532 1533 1535 1534)
4(1480 1536 1537 1481)
4(1534 1535 1537 1536)
4(1482 1538 1539 1483)
4(1536 1537 1539 1538)
4(1484 1540 1541 1485)
4(1538 1539 1541 1540)
4(1486 1542 1543 1487)
4(1540 1541 1543 1542)
4(1488 1544 1545 1489)
4(1542 1543 1545 1544)
4(1490 1546 1547 1491)
4(1544 1545 1547 1546)
4(1492 1548 1549 1493)
4(1546 1547 1549 1548)
4(1494 1550 1551 1495)
4(1548 1549 1551 1550)
4(1496 1552 1553 1497)
4(1550 1551 1553 1552)
4(1498 1554 1555 1499)
4(1552 1553 1555 1554)
4(1500 1556 1557 1501)
4(1554 1555 1557 1556)
4(1502 1558 1559 1503)
4(1556 1557 1559 1558)
4(1504 1560 1561 1505)
4(1558 1559 1561 1560)
4(1506 1562 1563 1507)
4(1560 1561 1563 1562)
4(1508 1564 1565 1509)
4(1562 1563 1565 1564)
4(1564 1565 1567 1566)
4(1514 1570 1571 1515)
4(1568 1569 1571 1570)
4(1516 1572 1573 1517)
4(1570 1571 1573 1572)
4(1518 1574 1575 1519)
4(1572 1573 1575 1574)
4(1520 1576 1577 1521)
4(1574 1575 1577 1576)
4(1522 1578 1579 1523)
4(1576 1577 1579 1578)
4(1524 1580 1581 1525)
4(1578 1579 1581 1580)
4(1526 1582 1583 1527)
4(1580 1581 1583 1582)
4(1528 1584 1585 1529)
4(1582 1583 1585 1584)
4(1530 1586 1587 1531)
4(1584 1585 1587 1586)
4(1532 1588 1589 1533)
4(1586 1587 1589 1588)
4(1534 1590 1591 1535)
4(1588 1589 1591 1590)
4(1536 1592 1593 1537)
4(1590 1591 1593 1592)
4(1538 1594 1595 1539)
4(1592 1593 1595 1594)
4(1540 1596 1597 1541)
4(1594 1595 1597 1596)
4(1542 1598 1599 1543)
4(1596 1597 1599 1598)
4(1544 1600 1601 1545)
4(1598 1599 1601 1600)
4(1546 1602 1603 1547)
4(1600 1601 1603 1602)
4(1548 1604 1605 1549)
4(1602 1603 1605 1604)
4(1550 1606 1607 1551)
4(1604 1605 1607 1606)
4(1552 1608 1609 1553)
4(1606 1607 1609 1608)
4(1554 1610 1611 1555)
4(1608 1609 1611 1610)
4(1556 1612 1613 1557)
4(1610 1611 1613 1612)
4(1558 1614 1615 1559)
4(1612 1613 1615 1614)
4(1560 1616 1617 1561)
4(1614 1615 1617 1616)
4(1562 1618 1619 1563)
4(1616 1617 1619 1618)
4(1564 1620 1621 1565)
4(1618 1619 1621 1620)
4(1620 1621 1623 1622)
4(1570 1626 1627 1571)
4(1624 1625 1627 1626)
4(1572 1628 1629 1573)
4(1626 1627 1629 1628)
4(1574 1630 1631 1575)
4(1628 1629 1631 1630)
4(1576 1632 1633 1577)
4(1630 1631 1633 1632)
4(1578 1634 1635 1579)
4(1632 1633 1635 1634)
4(1580 1636 1637 1581)
4(1634 1635 1637 1636)
4(1582 1638 1639 1583)
4(1636 1637 1639 1638)
4(1584 1640 1641 1585)
4(1638 1639 1641 1640)
4(1586 1642 1643 1587)
4(1640 1641 1643 1642)
4(1588 1644 1645 1589)
4(1642 1643 1645 1644)
4(1590 1646 1647 1591)
4(1644 1645 1647 1646)
4(1592 1648 1649 1593)
4(1646 1647 1649 1648)
4(1594 1650 1651 1595)
4(1648 1649 1651 1650)
4(1596 1652 1653 1597)
4(1650 1651 1653 1652)
4(1598 1654 1655 1599)
4(1652 1653 1655 1654)
4(1600 1656 1657 1601)
4(1654 1655 1657 1656)
4(1602 1658 1659 1603)
4(1656 1657 1659 1658)
4(1604 1660 1661 1605)
4(1658 1659 1661 1660)
4(1606 1662 1663 1607)
4(1660 1661 1663 1662)
4(1608 1664 1665 1609)
4(1662 1663 1665 1664)
4(1610 1666 1667 1611)
4(1664 1665 1667 1666)
4(1612 1668 1669 1613)
4(1666 1667 1669 1668)
4(1614 1670 1671 1615)
4(1668 1669 1671 1670)
4(1616 1672 1673 1617)
4(1670 1671 1673 1672)
4(1618 1674 1675 1619)
4(1672 1673 1675 1674)
4(1620 1676 1677 1621)
4(1674 1675 1677 1676)
4(1676 1677 1679 1678)
4(1626 1682 1683 1627)
4(1628 1684 1685 1629)
4(1630 1686 1687 1631)
4(1632 1688 1689 1633)
4(1634 1690 1691 1635)
4(1636 1692 1693 1637)
4(1638 1694 1695 1639)
4(1640 1696 1697 1641)
4(1642 1698 1699 1643)
4(1644 1700 1701 1645)
4(1646 1702 1703 1647)
4(1648 1704 1705 1649)
4(1650 1706 1707 1651)
4(1652 1708 1709 1653)
4(1654 1710 1711 1655)
4(1656 1712 1713 1657)
4(1658 1714 1715 1659)
4(1660 1716 1717 1661)
4(1662 1718 1719 1663)
4(1664 1720 1721 1665)
4(1666 1722 1723 1667)
4(1668 1724 1725 1669)
4(1670 1726 1727 1671)
4(1672 1728 1729 1673)
4(1674 1730 1731 1675)
4(1676 1732 1733 1677)
4(0 1 57 56)
4(56 57 113 112)
4(112 113 169 168)
4(168 169 225 224)
4(224 225 281 280)
4(280 281 337 336)
4(336 337 393 392)
4(392 393 449 448)
4(448 449 505 504)
4(504 505 561 560)
4(560 561 617 616)
4(616 617 673 672)
4(672 673 729 728)
4(728 729 785 784)
4(784 785 841 840)
4(840 841 897 896)
4(896 897 953 952)
4(952 953 1009 1008)
4(1008 1009 1065 1064)
4(1064 1065 1121 1120)
4(1120 1121 1177 1176)
4(1176 1177 1233 1232)
4(1232 1233 1289 1288)
4(1288 1289 1345 1344)
4(1344 1345 1401 1400)
4(1400 1401 1457 1456)
4(1456 1457 1513 1512)
4(1512 1513 1569 1568)
4(1568 1569 1625 1624)
4(1624 1625 1681 1680)
4(0 2 3 1)
4(2 4 5 3)
4(4 6 7 5)
4(6 8 9 7)
4(8 10 11 9)
4(10 12 13 11)
4(12 14 15 13)
4(14 16 17 15)
4(16 18 19 17)
4(18 20 21 19)
4(20 22 23 21)
4(22 24 25 23)
4(24 26 27 25)
4(26 28 29 27)
4(28 30 31 29)
4(30 32 33 31)
4(32 34 35 33)
4(34 36 37 35)
4(36 38 39 37)
4(38 40 41 39)
4(40 42 43 41)
4(42 44 45 43)
4(44 46 47 45)
4(46 48 49 47)
4(48 50 51 49)
4(50 52 53 51)
4(52 54 55 53)
4(1680 1681 1683 1682)
4(1682 1683 1685 1684)
4(1684 1685 1687 1686)
4(1686 1687 1689 1688)
4(1688 1689 1691 1690)
4(1690 1691 1693 1692)
4(1692 1693 1695 1694)
4(1694 1695 1697 1696)
4(1696 1697 1699 1698)
4(1698 1699 1701 1700)
4(1700 1701 1703 1702)
4(1702 1703 1705 1704)
4(1704 1705 1707 1706)
4(1706 1707 1709 1708)
4(1708 1709 1711 1710)
4(1710 1711 1713 1712)
4(1712 1713 1715 1714)
4(1714 1715 1717 1716)
4(1716 1717 1719 1718)
4(1718 1719 1721 1720)
4(1720 1721 1723 1722)
4(1722 1723 1725 1724)
4(1724 1725 1727 1726)
4(1726 1727 1729 1728)
4(1728 1729 1731 1730)
4(1730 1731 1733 1732)
4(1732 1733 1735 1734)
4(0 56 58 2)
4(2 58 60 4)
4(4 60 62 6)
4(6 62 64 8)
4(8 64 66 10)
4(10 66 68 12)
4(12 68 70 14)
4(14 70 72 16)
4(16 72 74 18)
4(18 74 76 20)
4(20 76 78 22)
4(22 78 80 24)
4(24 80 82 26)
4(26 82 84 28)
4(28 84 86 30)
4(30 86 88 32)
4(32 88 90 34)
4(34 90 92 36)
4(36 92 94 38)
4(38 94 96 40)
4(40 96 98 42)
4(42 98 100 44)
4(44 100 102 46)
4(46 102 104 48)
4(48 104 106 50)
4(50 106 108 52)
4(52 108 110 54)
4(56 112 114 58)
4(58 114 116 60)
4(60 116 118 62)
4(62 118 120 64)
4(64 120 122 66)
4(66 122 124 68)
4(68 124 126 70)
4(70 126 128 72)
4(72 128 130 74)
4(74 130 132 76)
4(76 132 134 78)
4(78 134 136 80)
4(80 136 138 82)
4(82 138 140 84)
4(84 140 142 86)
4(86 142 144 88)
4(88 144 146 90)
4(90 146 148 92)
4(92 148 150 94)
4(94 150 152 96)
4(96 152 154 98)
4(98 154 156 100)
4(100 156 158 102)
4(102 158 160 104)
4(104 160 162 106)
4(106 162 164 108)
4(108 164 166 110)
4(112 168 170 114)
4(114 170 172 116)
4(116 172 174 118)
4(118 174 176 120)
4(120 176 178 122)
4(122 178 180 124)
4(124 180 182 126)
4(126 182 184 128)
4(128 184 186 130)
4(130 186 188 132)
4(132 188 190 134)
4(134 190 192 136)
4(136 192 194 138)
4(138 194 196 140)
4(140 196 198 142)
4(142 198 200 144)
4(144 200 202 146)
4(146 202 204 148)
4(148 204 206 150)
4(150 206 208 152)
4(152 208 210 154)
4(154 210 212 156)
4(156 212 214 158)
4(158 214 216 160)
4(160 216 218 162)
4(162 218 220 164)
4(164 220 222 166)
4(168 224 226 170)
4(170 226 228 172)
4(172 228 230 174)
4(174 230 232 176)
4(176 232 234 178)
4(178 234 236 180)
4(180 236 238 182)
4(182 238 240 184)
4(184 240 242 186)
4(186 242 244 188)
4(188 244 246 190)
4(190 246 248 192)
4(192 248 250 194)
4(194 250 252 196)
4(196 252 254 198)
4(198 254 256 200)
4(200 256 258 202)
4(202 258 260 204)
4(204 260 262 206)
4(206 262 264 208)
4(208 264 266 210)
4(210 266 268 212)
4(212 268 270 214)
4(214 270 272 216)
4(216 272 274 218)
4(218 274 276 220)
4(220 276 278 222)
4(224 280 282 226)
4(226 282 284 228)
4(228 284 286 230)
4(230 286 288 232)
4(232 288 290 234)
4(234 290 292 236)
4(236 292 294 238)
4(238 294 296 240)
4(240 296 298 242)
4(242 298 300 244)
4(244 300 302 246)
4(246 302 304 248)
4(248 304 306 250)
4(250 306 308 252)
4(252 308 310 254)
4(254 310 312 256)
4(256 312 314 258)
4(258 314 316 260)
4(260 316 318 262)
4(262 318 320 264)
4(264 320 322 266)
4(266 322 324 268)
4(268 324 326 270)
4(270 326 328 272)
4(272 328 330 274)
4(274 330 332 276)
4(276 332 334 278)
4(280 336 338 282)
4(282 338 340 284)
4(284 340 342 286)
4(286 342 344 288)
4(288 344 346 290)
4(290 346 348 292)
4(292 348 350 294)
4(294 350 352 296)
4(296 352 354 298)
4(298 354 356 300)
4(300 356 358 302)
4(302 358 360 304)
4(304 360 362 306)
4(306 362 364 308)
4(308 364 366 310)
4(310 366 368 312)
4(312 368 370 314)
4(314 370 372 316)
4(316 372 374 318)
4(318 374 376 320)
4(320 376 378 322)
4(322 378 380 324)
4(324 380 382 326)
4(326 382 384 328)
4(328 384 386 330)
4(330 386 388 332)
4(332 388 390 334)
4(336 392 394 338)
4(338 394 396 340)
4(340 396 398 342)
4(342 398 400 344)
4(344 400 402 346)
4(346 402 404 348)
4(348 404 406 350)
4(350 406 408 352)
4(352 408 410 354)
4(354 410 412 356)
4(356 412 414 358)
4(358 414 416 360)
4(360 416 418 362)
4(362 418 420 364)
4(364 420 422 366)
4(366 422 424 368)
4(368 424 426 370)
4(370 426 428 372)
4(372 428 430 374)
4(374 430 432 376)
4(376 432 434 378)
4(378 434 436 380)
4(380 436 438 382)
4(382 438 440 384)
4(384 440 442 386)
4(386 442 444 388)
4(388 444 446 390)
4(392 448 450 394)
4(394 450 452 396)
4(396 452 454 398)
4(398 454 456 400)
4(400 456 458 402)
4(402 458 460 404)
4(404 460 462 406)
4(406 462 464 408)
4(408 464 466 410)
4(410 466 468 412)
4(412 468 470 414)
4(414 470 472 416)
4(416 472 474 418)
4(418 474 476 420)
4(420 476 478 422)
4(422 478 480 424)
4(424 480 482 426)
4(426 482 484 428)
4(428 484 486 430)
4(430 486 488 432)
4(432 488 490 434)
4(434 490 492 436)
4(436 492 494 438)
4(438 494 496 440)
4(440 496 498 442)
4(442 498 500 444)
4(444 500 502 446)
4(448 504 506 450)
4(450 506 508 452)
4(452 508 510 454)
4(454 510 512 456)
4(456 512 514 458)
4(458 514 516 460)
4(460 516 518 462)
4(462 518 520 464)
4(464 520 522 466)
4(466 522 524 468)
4(468 524 526 470)
4(470 526 528 472)
4(472 528 530 474)
4(474 530 532 476)
4(476 532 534 478)
4(478 534 536 480)
4(480 536 538 482)
4(482 538 540 484)
4(484 540 542 486)
4(486 542 544 488)
4(488 544 546 490)
4(490 546 548 492)
4(492 548 550 494)
4(494 550 552 496)
4(496 552 554 498)
4(498 554 556 500)
4(500 556 558 502)
4(504 560 562 506)
4(506 562 564 508)
4(508 564 566 510)
4(510 566 568 512)
4(512 568 570 514)
4(514 570 572 516)
4(516 572 574 518)
4(518 574 576 520)
4(520 576 578 522)
4(522 578 580 524)
4(524 580 582 526)
4(526 582 584 528)
4(528 584 586 530)
4(530 586 588 532)
4(532 588 590 534)
4(534 590 592 536)
4(536 592 594 538)
4(538 594 596 540)
4(540 596 598 542)
4(542 598 600 544)
4(544 600 602 546)
4(546 602 604 548)
4(548 604 606 550)
4(550 606 608 552)
4(552 608 610 554)
4(554 610 612 556)
4(556 612 614 558)
4(560 616 618 562)
4(562 618 620 564)
4(564 620 622 566)
4(566 622 624 568)
4(568 624 626 570)
4(570 626 628 572)
4(572 628 630 574)
4(574 630 632 576)
4(576 632 634 578)
4(578 634 636 580)
4(580 636 638 582)
4(582 638 640 584)
4(584 640 642 586)
4(586 642 644 588)
4(588 644 646 590)
4(590 646 648 592)
4(592 648 650 594)
4(594 650 652 596)
4(596 652 654 598)
4(598 654 656 600)
4(600 656 658 602)
4(602 658 660 604)
4(604 660 662 606)
4(606 662 664 608)
4(608 664 666 610)
4(610 666 668 612)
4(612 668 670 614)
4(616 672 674 618)
4(618 674 676 620)
4(620 676 678 622)
4(622 678 680 624)
4(624 680 682 626)
4(626 682 684 628)
4(628 684 686 630)
4(630 686 688 632)
4(632 688 690 634)
4(634 690 692 636)
4(636 692 694 638)
4(638 694 696 640)
4(640 696 698 642)
4(642 698 700 644)
4(644 700 702 646)
4(646 702 704 648)
4(648 704 706 650)
4(650 706 708 652)
4(652 708 710 654)
4(654 710 712 656)
4(656 712 714 658)
4(658 714 716 660)
4(660 716 718 662)
4(662 718 720 664)
4(664 720 722 666)
4(666 722 724 668)
4(668 724 726 670)
4(672 728 730 674)
4(674 730 732 676)
4(676 732 734 678)
4(678 734 736 680)
4(680 736 738 682)
4(682 738 740 684)
4(684 740 742 686)
4(686 742 744 688)
4(688 744 746 690)
4(690 746 748 692)
4(692 748 750 694)
4(694 750 752 696)
4(696 752 754 698)
4(698 754 756 700)
4(700 756 758 702)
4(702 758 760 704)
4(704 760 762 706)
4(706 762 764 708)
4(708 764 766 710)
4(710 766 768 712)
4(712 768 770 714)
4(714 770 772 716)
4(716 772 774 718)
4(718 774 776 720)
4(720 776 778 722)
4(722 778 780 724)
4(724 780 782 726)
4(728 784 786 730)
4(730 786 788 732)
4(732 788 790 734)
4(734 790 792 736)
4(736 792 794 738)
4(738 794 796 740)
4(740 796 798 742)
4(742 798 800 744)
4(744 800 802 746)
4(746 802 804 748)
4(748 804 806 750)
4(750 806 808 752)
4(752 808 810 754)
4(754 810 812 756)
4(756 812 814 758)
4(758 814 816 760)
4(760 816 818 762)
4(762 818 820 764)
4(764 820 822 766)
4(766 822 824 768)
4(768 824 826 770)
4(770 826 828 772)
4(772 828 830 774)
4(774 830 832 776)
4(776 832 834 778)
4(778 834 836 780)
4(780 836 838 782)
4(784 840 842 786)
4(786 842 844 788)
4(788 844 846 790)
4(790 846 848 792)
4(792 848 850 794)
4(794 850 852 796)
4(796 852 854 798)
4(798 854 856 800)
4(800 856 858 802)
4(802 858 860 804)
4(804 860 862 806)
4(806 862 864 808)
4(808 864 866 810)
4(810 866 868 812)
4(812 868 870 814)
4(814 870 872 816)
4(816 872 874 818)
4(818 874 876 820)
4(820 876 878 822)
4(822 878 880 824)
4(824 880 882 826)
4(826 882 884 828)
4(828 884 886 830)
4(830 886 888 832)
4(832 888 890 834)
4(834 890 892 836)
4(836 892 894 838)
4(840 896 898 842)
4(842 898 900 844)
4(844 900 902 846)
4(846 902 904 848)
4(848 904 906 850)
4(850 906 908 852)
4(852 908 910 854)
4(854 910 912 856)
4(856 912 914 858)
4(858 914 916 860)
4(860 916 918 862)
4(862 918 920 864)
4(864 920 922 866)
4(866 922 924 868)
4(868 924 926 870)
4(870 926 928 872)
4(872 928 930 874)
4(874 930 932 876)
4(876 932 934 878)
4(878 934 936 880)
4(880 936 938 882)
4(882 938 940 884)
4(884 940 942 886)
4(886 942 944 888)
4(888 944 946 890)
4(890 946 948 892)
4(892 948 950 894)
4(896 952 954 898)
4(898 954 956 900)
4(900 956 958 902)
4(902 958 960 904)
4(904 960 962 906)
4(906 962 964 908)
4(908 964 966 910)
4(910 966 968 912)
4(912 968 970 914)
4(914 970 972 916)
4(916 972 974 918)
4(918 974 976 920)
4(920 976 978 922)
4(922 978 980 924)
4(924 980 982 926)
4(926 982 984 928)
4(928 984 986 930)
4(930 986 988 932)
4(932 988 990 934)
4(934 990 992 936)
4(936 992 994 938)
4(938 994 996 940)
4(940 996 998 942)
4(942 998 1000 944)
4(944 1000 1002 946)
4(946 1002 1004 948)
4(948 1004 1006 950)
4(952 1008 1010 954)
4(954 1010 1012 956)
4(956 1012 1014 958)
4(958 1014 1016 960)
4(960 1016 1018 962)
4(962 1018 1020 964)
4(964 1020 1022 966)
4(966 1022 1024 968)
4(968 1024 1026 970)
4(970 1026 1028 972)
4(972 1028 1030 974)
4(974 1030 1032 976)
4(976 1032 1034 978)
4(978 1034 1036 980)
4(980 1036 1038 982)
4(982 1038 1040 984)
4(984 1040 1042 986)
4(986 1042 1044 988)
4(988 1044 1046 990)
4(990 1046 1048 992)
4(992 1048 1050 994)
4(994 1050 1052 996)
4(996 1052 1054 998)
4(998 1054 1056 1000)
4(1000 1056 1058 1002)
4(1002 1058 1060 1004)
4(1004 1060 1062 1006)
4(1008 1064 1066 1010)
4(1010 1066 1068 1012)
4(1012 1068 1070 1014)
4(1014 1070 1072 1016)
4(1016 1072 1074 1018)
4(1018 1074 1076 1020)
4(1020 1076 1078 1022)
4(1022 1078 1080 1024)
4(1024 1080 1082 1026)
4(1026 1082 1084 1028)
4(1028 1084 1086 1030)
4(1030 1086 1088 1032)
4(1032 1088 1090 1034)
4(1034 1090 1092 1036)
4(1036 1092 1094 1038)
4(1038 1094 1096 1040)
4(1040 1096 1098 1042)
4(1042 1098 1100 1044)
4(1044 1100 1102 1046)
4(1046 1102 1104 1048)
4(1048 1104 1106 1050)
4(1050 1106 1108 1052)
4(1052 1108 1110 1054)
4(1054 1110 1112 1056)
4(1056 1112 1114 1058)
4(1058 1114 1116 1060)
4(1060 1116 1118 1062)
4(1064 1120 1122 1066)
4(1066 1122 1124 1068)
4(1068 1124 1126 1070)
4(1070 1126 1128 1072)
4(1072 1128 1130 1074)
4(1074 1130 1132 1076)
4(1076 1132 1134 1078)
4(1078 1134 1136 1080)
4(1080 1136 1138 1082)
4(1082 1138 1140 1084)
4(1084 1140 1142 1086)
4(1086 1142 1144 1088)
4(1088 1144 1146 1090)
4(1090 1146 1148 1092)
4(1092 1148 1150 1094)
4(1094 1150 1152 1096)
4(1096 1152 1154 1098)
4(1098 1154 1156 1100)
4(1100 1156 1158 1102)
4(1102 1158 1160 1104)
4(1104 1160 1162 1106)
4(1106 1162 1164 1108)
4(1108 1164 1166 1110)
4(1110 1166 1168 1112)
4(1112 1168 1170 1114)
4(1114 1170 1172 1116)
4(1116 1172 1174 1118)
4(1120 1176 1178 1122)
4(1122 1178 1180 1124)
4(1124 1180 1182 1126)
4(1126 1182 1184 1128)
4(1128 1184 1186 1130)
4(1130 1186 1188 1132)
4(1132 1188 1190 1134)
4(1134 1190 1192 1136)
4(1136 1192 1194 1138)
4(1138 1194 1196 1140)
4(1140 1196 1198 1142)
4(1142 1198 1200 1144)
4(1144 1200 1202 1146)
4(1146 1202 1204 1148)
4(1148 1204 1206 1150)
4(1150 1206 1208 1152)
4(1152 1208 1210 1154)
4(1154 1210 1212 1156)
4(1156 1212 1214 1158)
4(1158 1214 1216 1160)
4(1160 1216 1218 1162)
4(1162 1218 1220 1164)
4(1164 1220 1222 1166)
4(1166 1222 1224 1168)
4(1168 1224 1226 1170)
4(1170 1226 1228 1172)
4(1172 1228 1230 1174)
4(1176 1232 1234 1178)
4(1178 1234 1236 1180)
4(1180 1236 1238 1182)
4(1182 1238 1240 1184)
4(1184 1240 1242 1186)
4(1186 1242 1244 1188)
4(1188 1244 1246 1190)
4(1190 1246 1248 1192)
4(1192 1248 1250 1194)
4(1194 1250 1252 1196)
4(1196 1252 1254 1198)
4(1198 1254 1256 1200)
4(1200 1256 1258 1202)
4(1202 1258 1260 1204)
4(1204 1260 1262 1206)
4(1206 1262 1264 1208)
4(1208 1264 1266 1210)
4(1210 1266 1268 1212)
4(1212 1268 1270 1214)
4(1214 1270 1272 1216)
4(1216 1272 1274 1218)
4(1218 1274 1276 1220)
4(1220 1276 1278 1222)
4(1222 1278 1280 1224)
4(1224 1280 1282 1226)
4(1226 1282 1284 1228)
4(1228 1284 1286 1230)
4(1232 1288 1290 1234)
4(1234 1290 1292 1236)
4(1236 1292 1294 1238)
4(1238 1294 1296 1240)
4(1240 1296 1298 1242)
4(1242 1298 1300 1244)
4(1244 1300 1302 1246)
4(1246 1302 1304 1248)
4(1248 1304 1306 1250)
4(1250 1306 1308 1252)
4(1252 1308 1310 1254)
4(1254 1310 1312 1256)
4(1256 1312 1314 1258)
4(1258 1314 1316 1260)
4(1260 1316 1318 1262)
4(1262 1318 1320 1264)
4(1264 1320 1322 1266)
4(1266 1322 1324 1268)
4(1268 1324 1326 1270)
4(1270 1326 1328 1272)
4(1272 1328 1330 1274)
4(1274 1330 1332 1276)
4(1276 1332 1334 1278)
4(1278 1334 1336 1280)
4(1280 1336 1338 1282)
4(1282 1338 1340 1284)
4(1284 1340 1342 1286)
4(1288 1344 1346 1290)
4(1290 1346 1348 1292)
4(1292 1348 1350 1294)
4(1294 1350 1352 1296)
4(1296 1352 1354 1298)
4(1298 1354 1356 1300)
4(1300 1356 1358 1302)
4(1302 1358 1360 1304)
4(1304 1360 1362 1306)
4(1306 1362 1364 1308)
4(1308 1364 1366 1310)
4(1310 1366 1368 1312)
4(1312 1368 1370 1314)
4(1314 1370 1372 1316)
4(1316 1372 1374 1318)
4(1318 1374 1376 1320)
4(1320 1376 1378 1322)
4(1322 1378 1380 1324)
4(1324 1380 1382 1326)
4(1326 1382 1384 1328)
4(1328 1384 1386 1330)
4(1330 1386 1388 1332)
4(1332 1388 1390 1334)
4(1334 1390 1392 1336)
4(1336 1392 1394 1338)
4(1338 1394 1396 1340)
4(1340 1396 1398 1342)
4(1344 1400 1402 1346)
4(1346 1402 1404 1348)
4(1348 1404 1406 1350)
4(1350 1406 1408 1352)
4(1352 1408 1410 1354)
4(1354 1410 1412 1356)
4(1356 1412 1414 1358)
4(1358 1414 1416 1360)
4(1360 1416 1418 1362)
4(1362 1418 1420 1364)
4(1364 1420 1422 1366)
4(1366 1422 1424 1368)
4(1368 1424 1426 1370)
4(1370 1426 1428 1372)
4(1372 1428 1430 1374)
4(1374 1430 1432 1376)
4(1376 1432 1434 1378)
4(1378 1434 1436 1380)
4(1380 1436 1438 1382)
4(1382 1438 1440 1384)
4(1384 1440 1442 1386)
4(1386 1442 1444 1388)
4(1388 1444 1446 1390)
4(1390 1446 1448 1392)
4(1392 1448 1450 1394)
4(1394 1450 1452 1396)
4(1396 1452 1454 1398)
4(1400 1456 1458 1402)
4(1402 1458 1460 1404)
4(1404 1460 1462 1406)
4(1406 1462 1464 1408)
4(1408 1464 1466 1410)
4(1410 1466 1468 1412)
4(1412 1468 1470 1414)
4(1414 1470 1472 1416)
4(1416 1472 1474 1418)
4(1418 1474 1476 1420)
4(1420 1476 1478 1422)
4(1422 1478 1480 1424)
4(1424 1480 1482 1426)
4(1426 1482 1484 1428)
4(1428 1484 1486 1430)
4(1430 1486 1488 1432)
4(1432 1488 1490 1434)
4(1434 1490 1492 1436)
4(1436 1492 1494 1438)
4(1438 1494 1496 1440)
4(1440 1496 1498 1442)
4(1442 1498 1500 1444)
4(1444 1500 1502 1446)
4(1446 1502 1504 1448)
4(1448 1504 1506 1450)
4(1450 1506 1508 1452)
4(1452 1508 1510 1454)
4(1456 1512 1514 1458)
4(1458 1514 1516 1460)
4(1460 1516 1518 1462)
4(1462 1518 1520 1464)
4(1464 1520 1522 1466)
4(1466 1522 1524 1468)
4(1468 1524 1526 1470)
4(1470 1526 1528 1472)
4(1472 1528 1530 1474)
4(1474 1530 1532 1476)
4(1476 1532 1534 1478)
4(1478 1534 1536 1480)
4(1480 1536 1538 1482)
4(1482 1538 1540 1484)
4(1484 1540 1542 1486)
4(1486 1542 1544 1488)
4(1488 1544 1546 1490)
4(1490 1546 1548 1492)
4(1492 1548 1550 1494)
4(1494 1550 1552 1496)
4(1496 1552 1554 1498)
4(1498 1554 1556 1500)
4(1500 1556 1558 1502)
4(1502 1558 1560 1504)
4(1504 1560 1562 1506)
4(1506 1562 1564 1508)
4(1508 1564 1566 1510)
4(1512 1568 1570 1514)
4(1514 1570 1572 1516)
4(1516 1572 1574 1518)
4(1518 1574 1576 1520)
4(1520 1576 1578 1522)
4(1522 1578 1580 1524)
4(1524 1580 1582 1526)
4(1526 1582 1584 1528)
4(1528 1584 1586 1530)
4(1530 1586 1588 1532)
4(1532 1588 1590 1534)
4(1534 1590 1592 1536)
4(1536 1592 1594 1538)
4(1538 1594 1596 1540)
4(1540 1596 1598 1542)
4(1542 1598 1600 1544)
4(1544 1600 1602 1546)
4(1546 1602 1604 1548)
4(1548 1604 1606 1550)
4(1550 1606 1608 1552)
4(1552 1608 1610 1554)
4(1554 1610 1612 1556)
4(1556 1612 1614 1558)
4(1558 1614 1616 1560)
4(1560 1616 1618 1562)
4(1562 1618 1620 1564)
4(1564 1620 1622 1566)
4(1568 1624 1626 1570)
4(1570 1626 1628 1572)
4(1572 1628 1630 1574)
4(1574 1630 1632 1576)
4(1576 1632 1634 1578)
4(1578 1634 1636 1580)
4(1580 1636 1638 1582)
4(1582 1638 1640 1584)
4(1584 1640 1642 1586)
4(1586 1642 1644 1588)
4(1588 1644 1646 1590)
4(1590 1646 1648 1592)
4(1592 1648 1650 1594)
4(1594 1650 1652 1596)
4(1596 1652 1654 1598)
4(1598 1654 1656 1600)
4(1600 1656 1658 1602)
4(1602 1658 1660 1604)
4(1604 1660 1662 1606)
4(1606 1662 1664 1608)
4(1608 1664 1666 1610)
4(1610 1666 1668 1612)
4(1612 1668 1670 1614)
4(1614 1670 1672 1616)
4(1616 1672 1674 1618)
4(1618 1674 1676 1620)
4(1620 1676 1678 1622)
4(1624 1680 1682 1626)
4(1626 1682 1684 1628)
4(1628 1684 1686 1630)
4(1630 1686 1688 1632)
4(1632 1688 1690 1634)
4(1634 1690 1692 1636)
4(1636 1692 1694 1638)
4(1638 1694 1696 1640)
4(1640 1696 1698 1642)
4(1642 1698 1700 1644)
4(1644 1700 1702 1646)
4(1646 1702 1704 1648)
4(1648 1704 1706 1650)
4(1650 1706 1708 1652)
4(1652 1708 1710 1654)
4(1654 1710 1712 1656)
4(1656 1712 1714 1658)
4(1658 1714 1716 1660)
4(1660 1716 1718 1662)
4(1662 1718 1720 1664)
4(1664 1720 1722 1666)
4(1666 1722 1724 1668)
4(1668 1724 1726 1670)
4(1670 1726 1728 1672)
4(1672 1728 1730 1674)
4(1674 1730 1732 1676)
4(1676 1732 1734 1678)
4(1 3 59 57)
4(3 5 61 59)
4(5 7 63 61)
4(7 9 65 63)
4(9 11 67 65)
4(11 13 69 67)
4(13 15 71 69)
4(15 17 73 71)
4(17 19 75 73)
4(19 21 77 75)
4(21 23 79 77)
4(23 25 81 79)
4(25 27 83 81)
4(27 29 85 83)
4(29 31 87 85)
4(31 33 89 87)
4(33 35 91 89)
4(35 37 93 91)
4(37 39 95 93)
4(39 41 97 95)
4(41 43 99 97)
4(43 45 101 99)
4(45 47 103 101)
4(47 49 105 103)
4(49 51 107 105)
4(51 53 109 107)
4(53 55 111 109)
4(57 59 115 113)
4(59 61 117 115)
4(61 63 119 117)
4(63 65 121 119)
4(65 67 123 121)
4(67 69 125 123)
4(69 71 127 125)
4(71 73 129 127)
4(73 75 131 129)
4(75 77 133 131)
4(77 79 135 133)
4(79 81 137 135)
4(81 83 139 137)
4(83 85 141 139)
4(85 87 143 141)
4(87 89 145 143)
4(89 91 147 145)
4(91 93 149 147)
4(93 95 151 149)
4(95 97 153 151)
4(97 99 155 153)
4(99 101 157 155)
4(101 103 159 157)
4(103 105 161 159)
4(105 107 163 161)
4(107 109 165 163)
4(109 111 167 165)
4(113 115 171 169)
4(115 117 173 171)
4(117 119 175 173)
4(119 121 177 175)
4(121 123 179 177)
4(123 125 181 179)
4(125 127 183 181)
4(127 129 185 183)
4(129 131 187 185)
4(131 133 189 187)
4(133 135 191 189)
4(135 137 193 191)
4(137 139 195 193)
4(139 141 197 195)
4(141 143 199 197)
4(143 145 201 199)
4(145 147 203 201)
4(147 149 205 203)
4(149 151 207 205)
4(151 153 209 207)
4(153 155 211 209)
4(155 157 213 211)
4(157 159 215 213)
4(159 161 217 215)
4(161 163 219 217)
4(163 165 221 219)
4(165 167 223 221)
4(169 171 227 225)
4(171 173 229 227)
4(173 175 231 229)
4(175 177 233 231)
4(177 179 235 233)
4(179 181 237 235)
4(181 183 239 237)
4(183 185 241 239)
4(185 187 243 241)
4(187 189 245 243)
4(189 191 247 245)
4(191 193 249 247)
4(193 195 251 249)
4(195 197 253 251)
4(197 199 255 253)
4(199 201 257 255)
4(201 203 259 257)
4(203 205 261 259)
4(205 207 263 261)
4(207 209 265 263)
4(209 211 267 265)
4(211 213 269 267)
4(213 215 271 269)
4(215 217 273 271)
4(217 219 275 273)
4(219 221 277 275)
4(221 223 279 277)
4(225 227 283 281)
4(227 229 285 283)
4(229 231 287 285)
4(231 233 289 287)
4(233 235 291 289)
4(235 237 293 291)
4(237 239 295 293)
4(239 241 297 295)
4(241 243 299 297)
4(243 245 301 299)
4(245 247 303 301)
4(247 249 305 303)
4(249 251 307 305)
4(251 253 309 307)
4(253 255 311 309)
4(255 257 313 311)
4(257 259 315 313)
4(259 261 317 315)
4(261 263 319 317)
4(263 265 321 319)
4(265 267 323 321)
4(267 269 325 323)
4(269 271 327 325)
4(271 273 329 327)
4(273 275 331 329)
4(275 277 333 331)
4(277 279 335 333)
4(281 283 339 337)
4(283 285 341 339)
4(285 287 343 341)
4(287 289 345 343)
4(289 291 347 345)
4(291 293 349 347)
4(293 295 351 349)
4(295 297 353 351)
4(297 299 355 353)
4(299 301 357 355)
4(301 303 359 357)
4(303 305 361 359)
4(305 307 363 361)
4(307 309 365 363)
4(309 311 367 365)
4(311 313 369 367)
4(313 315 371 369)
4(315 317 373 371)
4(317 319 375 373)
4(319 321 377 375)
4(321 323 379 377)
4(323 325 381 379)
4(325 327 383 381)
4(327 329 385 383)
4(329 331 387 385)
4(331 333 389 387)
4(333 335 391 389)
4(337 339 395 393)
4(339 341 397 395)
4(341 343 399 397)
4(343 345 401 399)
4(345 347 403 401)
4(347 349 405 403)
4(349 351 407 405)
4(351 353 409 407)
4(353 355 411 409)
4(355 357 413 411)
4(357 359 415 413)
4(359 361 417 415)
4(361 363 419 417)
4(363 365 421 419)
4(365 367 423 421)
4(367 369 425 423)
4(369 371 427 425)
4(371 373 429 427)
4(373 375 431 429)
4(375 377 433 431)
4(377 379 435 433)
4(379 381 437 435)
4(381 383 439 437)
4(383 385 441 439)
4(385 387 443 441)
4(387 389 445 443)
4(389 391 447 445)
4(393 395 451 449)
4(395 397 453 451)
4(397 399 455 453)
4(399 401 457 455)
4(401 403 459 457)
4(403 405 461 459)
4(405 407 463 461)
4(407 409 465 463)
4(409 411 467 465)
4(411 413 469 467)
4(413 415 471 469)
4(415 417 473 471)
4(417 419 475 473)
4(419 421 477 475)
4(421 423 479 477)
4(423 425 481 479)
4(425 427 483 481)
4(427 429 485 483)
4(429 431 487 485)
4(431 433 489 487)
4(433 435 491 489)
4(435 437 493 491)
4(437 439 495 493)
4(439 441 497 495)
4(441 443 499 497)
4(443 445 501 499)
4(445 447 503 501)
4(449 451 507 505)
4(451 453 509 507)
4(453 455 511 509)
4(455 457 513 511)
4(457 459 515 513)
4(459 461 517 515)
4(461 463 519 517)
4(463 465 521 519)
4(465 467 523 521)
4(467 469 525 523)
4(469 471 527 525)
4(471 473 529 527)
4(473 475 531 529)
4(475 477 533 531)
4(477 479 535 533)
4(479 481 537 535)
4(481 483 539 537)
4(483 485 541 539)
4(485 487 543 541)
4(487 489 545 543)
4(489 491 547 545)
4(491 493 549 547)
4(493 495 551 549)
4(495 497 553 551)
4(497 499 555 553)
4(499 501 557 555)
4(501 503 559 557)
4(505 507 563 561)
4(507 509 565 563)
4(509 511 567 565)
4(511 513 569 567)
4(513 515 571 569)
4(515 517 573 571)
4(517 519 575 573)
4(519 521 577 575)
4(521 523 579 577)
4(523 525 581 579)
4(525 527 583 581)
4(527 529 585 583)
4(529 531 587 585)
4(531 533 589 587)
4(533 535 591 589)
4(535 537 593 591)
4(537 539 595 593)
4(539 541 597 595)
4(541 543 599 597)
4(543 545 601 599)
4(545 547 603 601)
4(547 549 605 603)
4(549 551 607 605)
4(551 553 609 607)
4(553 555 611 609)
4(555 557 613 611)
4(557 559 615 613)
4(561 563 619 617)
4(563 565 621 619)
4(565 567 623 621)
4(567 569 625 623)
4(569 571 627 625)
4(571 573 629 627)
4(573 575 631 629)
4(575 577 633 631)
4(577 579 635 633)
4(579 581 637 635)
4(581 583 639 637)
4(583 585 641 639)
4(585 587 643 641)
4(587 589 645 643)
4(589 591 647 645)
4(591 593 649 647)
4(593 595 651 649)
4(595 597 653 651)
4(597 599 655 653)
4(599 601 657 655)
4(601 603 659 657)
4(603 605 661 659)
4(605 607 663 661)
4(607 609 665 663)
4(609 611 667 665)
4(611 613 669 667)
4(613 615 671 669)
4(617 619 675 673)
4(619 621 677 675)
4(621 623 679 677)
4(623 625 681 679)
4(625 627 683 681)
4(627 629 685 683)
4(629 631 687 685)
4(631 633 689 687)
4(633 635 691 689)
4(635 637 693 691)
4(637 639 695 693)
4(639 641 697 695)
4(641 643 699 697)
4(643 645 701 699)
4(645 647 703 701)
4(647 649 705 703)
4(649 651 707 705)
4(651 653 709 707)
4(653 655 711 709)
4(655 657 713 711)
4(657 659 715 713)
4(659 661 717 715)
4(661 663 719 717)
4(663 665 721 719)
4(665 667 723 721)
4(667 669 725 723)
4(669 671 727 725)
4(673 675 731 729)
4(675 677 733 731)
4(677 679 735 733)
4(679 681 737 735)
4(681 683 739 737)
4(683 685 741 739)
4(685 687 743 741)
4(687 689 745 743)
4(689 691 747 745)
4(691 693 749 747)
4(693 695 751 749)
4(695 697 753 751)
4(697 699 755 753)
4(699 701 757 755)
4(701 703 759 757)
4(703 705 761 759)
4(705 707 763 761)
4(707 709 765 763)
4(709 711 767 765)
4(711 713 769 767)
4(713 715 771 769)
4(715 717 773 771)
4(717 719 775 773)
4(719 721 777 775)
4(721 723 779 777)
4(723 725 781 779)
4(725 727 783 781)
4(729 731 787 785)
4(731 733 789 787)
4(733 735 791 789)
4(735 737 793 791)
4(737 739 795 793)
4(739 741 797 795)
4(741 743 799 797)
4(743 745 801 799)
4(745 747 803 801)
4(747 749 805 803)
4(749 751 807 805)
4(751 753 809 807)
4(753 755 811 809)
4(755 757 813 811)
4(757 759 815 813)
4(759 761 817 815)
4(761 763 819 817)
4(763 765 821 819)
4(765 767 823 821)
4(767 769 825 823)
4(769 771 827 825)
4(771 773 829 827)
4(773 775 831 829)
4(775 777 833 831)
4(777 779 835 833)
4(779 781 837 835)
4(781 783 839 837)
4(785 787 843 841)
4(787 789 845 843)
4(789 791 847 845)
4(791 793 849 847)
4(793 795 851 849)
4(795 797 853 851)
4(797 799 855 853)
4(799 801 857 855)
4(801 803 859 857)
4(803 805 861 859)
4(805 807 863 861)
4(807 809 865 863)
4(809 811 867 865)
4(811 813 869 867)
4(813 815 871 869)
4(815 817 873 871)
4(817 819 875 873)
4(819 821 877 875)
4(821 823 879 877)
4(823 825 881 879)
4(825 827 883 881)
4(827 829 885 883)
4(829 831 887 885)
4(831 833 889 887)
4(833 835 891 889)
4(835 837 893 891)
4(837 839 895 893)
4(841 843 899 897)
4(843 845 901 899)
4(845 847 903 901)
4(847 849 905 903)
4(849 851 907 905)
4(851 853 909 907)
4(853 855 911 909)
4(855 857 913 911)
4(857 859 915 913)
4(859 861 917 915)
4(861 863 919 917)
4(863 865 921 919)
4(865 867 923 921)
4(867 869 925 923)
4(869 871 927 925)
4(871 873 929 927)
4(873 875 931 929)
4(875 877 933 931)
4(877 879 935 933)
4(879 881 937 935)
4(881 883 939 937)
4(883 885 941 939)
4(885 887 943 941)
4(887 889 945 943)
4(889 891 947 945)
4(891 893 949 947)
4(893 895 951 949)
4(897 899 955 953)
4(899 901 957 955)
4(901 903 959 957)
4(903 905 961 959)
4(905 907 963 961)
4(907 909 965 963)
4(909 911 967 965)
4(911 913 969 967)
4(913 915 971 969)
4(915 917 973 971)
4(917 919 975 973)
4(919 921 977 975)
4(921 923 979 977)
4(923 925 981 979)
4(925 927 983 981)
4(927 929 985 983)
4(929 931 987 985)
4(931 933 989 987)
4(933 935 991 989)
4(935 937 993 991)
4(937 939 995 993)
4(939 941 997 995)
4(941 943 999 997)
4(943 945 1001 999)
4(945 947 1003 1001)
4(947 949 1005 1003)
4(949 951 1007 1005)
4(953 955 1011 1009)
4(955 957 1013 1011)
4(957 959 1015 1013)
4(959 961 1017 1015)
4(961 963 1019 1017)
4(963 965 1021 1019)
4(965 967 1023 1021)
4(967 969 1025 1023)
4(969 971 1027 1025)
4(971 973 1029 1027)
4(973 975 1031 1029)
4(975 977 1033 1031)
4(977 979 1035 1033)
4(979 981 1037 1035)
4(981 983 1039 1037)
4(983 985 1041 1039)
4(985 987 1043 1041)
4(987 989 1045 1043)
4(989 991 1047 1045)
4(991 993 1049 1047)
4(993 995 1051 1049)
4(995 997 1053 1051)
4(997 999 1055 1053)
4(999 1001 1057 1055)
4(1001 1003 1059 1057)
4(1003 1005 1061 1059)
4(1005 1007 1063 1061)
4(1009 1011 1067 1065)
4(1011 1013 1069 1067)
4(1013 1015 1071 1069)
4(1015 1017 1073 1071)
4(1017 1019 1075 1073)
4(1019 1021 1077 1075)
4(1021 1023 1079 1077)
4(1023 1025 1081 1079)
4(1025 1027 1083 1081)
4(1027 1029 1085 1083)
4(1029 1031 1087 1085)
4(1031 1033 1089 1087)
4(1033 1035 1091 1089)
4(1035 1037 1093 1091)
4(1037 1039 1095 1093)
4(1039 1041 1097 1095)
4(1041 1043 1099 1097)
4(1043 1045 1101 1099)
4(1045 1047 1103 1101)
4(1047 1049 1105 1103)
4(1049 1051 1107 1105)
4(1051 1053 1109 1107)
4(1053 1055 1111 1109)
4(1055 1057 1113 1111)
4(1057 1059 1115 1113)
4(1059 1061 1117 1115)
4(1061 1063 1119 1117)
4(1065 1067 1123 1121)
4(1067 1069 1125 1123)
4(1069 1071 1127 1125)
4(1071 1073 1129 1127)
4(1073 1075 1131 1129)
4(1075 1077 1133 1131)
4(1077 1079 1135 1133)
4(1079 1081 1137 1135)
4(1081 1083 1139 1137)
4(1083 1085 1141 1139)
4(1085 1087 1143 1141)
4(1087 1089 1145 1143)
4(1089 1091 1147 1145)
4(1091 1093 1149 1147)
4(1093 1095 1151 1149)
4(1095 1097 1153 1151)
4(1097 1099 1155 1153)
4(1099 1101 1157 1155)
4(1101 1103 1159 1157)
4(1103 1105 1161 1159)
4(1105 1107 1163 1161)
4(1107 1109 1165 1163)
4(1109 1111 1167 1165)
4(1111 1113 1169 1167)
4(1113 1115 1171 1169)
4(1115 1117 1173 1171)
4(1117 1119 1175 1173)
4(1121 1123 1179 1177)
4(1123 1125 1181 1179)
4(1125 1127 1183 1181)
4(1127 1129 1185 1183)
4(1129 1131 1187 1185)
4(1131 1133 1189 1187)
4(1133 1135 1191 1189)
4(1135 1137 1193 1191)
4(1137 1139 1195 1193)
4(1139 1141 1197 1195)
4(1141 1143 1199 1197)
4(1143 1145 1201 1199)
4(1145 1147 1203 1201)
4(1147 1149 1205 1203)
4(1149 1151 1207 1205)
4(1151 1153 1209 1207)
4(1153 1155 1211 1209)
4(1155 1157 1213 1211)
4(1157 1159 1215 1213)
4(1159 1161 1217 1215)
4(1161 1163 1219 1217)
4(1163 1165 1221 1219)
4(1165 1167 1223 1221)
4(1167 1169 1225 1223)
4(1169 1171 1227 1225)
4(1171 1173 1229 1227)
4(1173 1175 1231 1229)
4(1177 1179 1235 1233)
4(1179 1181 1237 1235)
4(1181 1183 1239 1237)
4(1183 1185 1241 1239)
4(1185 1187 1243 1241)
4(1187 1189 1245 1243)
4(1189 1191 1247 1245)
4(1191 1193 1249 1247)
4(1193 1195 1251 1249)
4(1195 1197 1253 1251)
4(1197 1199 1255 1253)
4(1199 1201 1257 1255)
4(1201 1203 1259 1257)
4(1203 1205 1261 1259)
4(1205 1207 1263 1261)
4(1207 1209 1265 1263)
4(1209 1211 1267 1265)
4(1211 1213 1269 1267)
4(1213 1215 1271 1269)
4(1215 1217 1273 1271)
4(1217 1219 1275 1273)
4(1219 1221 1277 1275)
4(1221 1223 1279 1277)
4(1223 1225 1281 1279)
4(1225 1227 1283 1281)
4(1227 1229 1285 1283)
4(1229 1231 1287 1285)
4(1233 1235 1291 1289)
4(1235 1237 1293 1291)
4(1237 1239 1295 1293)
4(1239 1241 1297 1295)
4(1241 1243 1299 1297)
4(1243 1245 1301 1299)
4(1245 1247 1303 1301)
4(1247 1249 1305 1303)
4(1249 1251 1307 1305)
4(1251 1253 1309 1307)
4(1253 1255 1311 1309)
4(1255 1257 1313 1311)
4(1257 1259 1315 1313)
4(1259 1261 1317 1315)
4(1261 1263 1319 1317)
4(1263 1265 1321 1319)
4(1265 1267 1323 1321)
4(1267 1269 1325 1323)
4(1269 1271 1327 1325)
4(1271 1273 1329 1327)
4(1273 1275 1331 1329)
4(1275 1277 1333 1331)
4(1277 1279 1335 1333)
4(1279 1281 1337 1335)
4(1281 1283 1339 1337)
4(1283 1285 1341 1339)
4(1285 1287 1343 1341)
4(1289 1291 1347 1345)
4(1291 1293 1349 1347)
4(1293 1295 1351 1349)
4(1295 1297 1353 1351)
4(1297 1299 1355 1353)
4(1299 1301 1357 1355)
4(1301 1303 1359 1357)
4(1303 1305 1361 1359)
4(1305 1307 1363 1361)
4(1307 1309 1365 1363)
4(1309 1311 1367 1365)
4(1311 1313 1369 1367)
4(1313 1315 1371 1369)
4(1315 1317 1373 1371)
4(1317 1319 1375 1373)
4(1319 1321 1377 1375)
4(1321 1323 1379 1377)
4(1323 1325 1381 1379)
4(1325 1327 1383 1381)
4(1327 1329 1385 1383)
4(1329 1331 1387 1385)
4(1331 1333 1389 1387)
4(1333 1335 1391 1389)
4(1335 1337 1393 1391)
4(1337 1339 1395 1393)
4(1339 1341 1397 1395)
4(1341 1343 1399 1397)
4(1345 1347 1403 1401)
4(1347 1349 1405 1403)
4(1349 1351 1407 1405)
4(1351 1353 1409 1407)
4(1353 1355 1411 1409)
4(1355 1357 1413 1411)
4(1357 1359 1415 1413)
4(1359 1361 1417 1415)
4(1361 1363 1419 1417)
4(1363 1365 1421 1419)
4(1365 1367 1423 1421)
4(1367 1369 1425 1423)
4(1369 1371 1427 1425)
4(1371 1373 1429 1427)
4(1373 1375 1431 1429)
4(1375 1377 1433 1431)
4(1377 1379 1435 1433)
4(1379 1381 1437 1435)
4(1381 1383 1439 1437)
4(1383 1385 1441 1439)
4(1385 1387 1443 1441)
4(1387 1389 1445 1443)
4(1389 1391 1447 1445)
4(1391 1393 1449 1447)
4(1393 1395 1451 1449)
4(1395 1397 1453 1451)
4(1397 1399 1455 1453)
4(1401 1403 1459 1457)
4(1403 1405 1461 1459)
4(1405 1407 1463 1461)
4(1407 1409 1465 1463)
4(1409 1411 1467 1465)
4(1411 1413 1469 1467)
4(1413 1415 1471 1469)
4(1415 1417 1473 1471)
4(1417 1419 1475 1473)
4(1419 1421 1477 1475)
4(1421 1423 1479 1477)
4(1423 1425 1481 1479)
4(1425 1427 1483 1481)
4(1427 1429 1485 1483)
4(1429 1431 1487 1485)
4(1431 1433 1489 1487)
4(1433 1435 1491 1489)
4(1435 1437 1493 1491)
4(1437 1439 1495 1493)
4(1439 1441 1497 1495)
4(1441 1443 1499 1497)
4(1443 1445 1501 1499)
4(1445 1447 1503 1501)
4(1447 1449 1505 1503)
4(1449 1451 1507 1505)
4(1451 1453 1509 1507)
4(1453 1455 1511 1509)
4(1457 1459 1515 1513)
4(1459 1461 1517 1515)
4(1461 1463 1519 1517)
4(1463 1465 1521 1519)
4(1465 1467 1523 1521)
4(1467 1469 1525 1523)
4(1469 1471 1527 1525)
4(1471 1473 1529 1527)
4(1473 1475 1531 1529)
4(1475 1477 1533 1531)
4(1477 1479 1535 1533)
4(1479 1481 1537 1535)
4(1481 1483 1539 1537)
4(1483 1485 1541 1539)
4(1485 1487 1543 1541)
4(1487 1489 1545 1543)
4(1489 1491 1547 1545)
4(1491 1493 1549 1547)
4(1493 1495 1551 1549)
4(1495 1497 1553 1551)
4(1497 1499 1555 1553)
4(1499 1501 1557 1555)
4(1501 1503 1559 1557)
4(1503 1505 1561 1559)
4(1505 1507 1563 1561)
4(1507 1509 1565 1563)
4(1509 1511 1567 1565)
4(1513 1515 1571 1569)
4(1515 1517 1573 1571)
4(1517 1519 1575 1573)
4(1519 1521 1577 1575)
4(1521 1523 1579 1577)
4(1523 1525 1581 1579)
4(1525 1527 1583 1581)
4(1527 1529 1585 1583)
4(1529 1531 1587 1585)
4(1531 1533 1589 1587)
4(1533 1535 1591 1589)
4(1535 1537 1593 1591)
4(1537 1539 1595 1593)
4(1539 1541 1597 1595)
4(1541 1543 1599 1597)
4(1543 1545 1601 1599)
4(1545 1547 1603 1601)
4(1547 1549 1605 1603)
4(1549 1551 1607 1605)
4(1551 1553 1609 1607)
4(1553 1555 1611 1609)
4(1555 1557 1613 1611)
4(1557 1559 1615 1613)
4(1559 1561 1617 1615)
4(1561 1563 1619 1617)
4(1563 1565 1621 1619)
4(1565 1567 1623 1621)
4(1569 1571 1627 1625)
4(1571 1573 1629 1627)
4(1573 1575 1631 1629)
4(1575 1577 1633 1631)
4(1577 1579 1635 1633)
4(1579 1581 1637 1635)
4(1581 1583 1639 1637)
4(1583 1585 1641 1639)
4(1585 1587 1643 1641)
4(1587 1589 1645 1643)
4(1589 1591 1647 1645)
4(1591 1593 1649 1647)
4(1593 1595 1651 1649)
4(1595 1597 1653 1651)
4(1597 1599 1655 1653)
4(1599 1601 1657 1655)
4(1601 1603 1659 1657)
4(1603 1605 1661 1659)
4(1605 1607 1663 1661)
4(1607 1609 1665 1663)
4(1609 1611 1667 1665)
4(1611 1613 1669 1667)
4(1613 1615 1671 1669)
4(1615 1617 1673 1671)
4(1617 1619 1675 1673)
4(1619 1621 1677 1675)
4(1621 1623 1679 1677)
4(1625 1627 1683 1681)
4(1627 1629 1685 1683)
4(1629 1631 1687 1685)
4(1631 1633 1689 1687)
4(1633 1635 1691 1689)
4(1635 1637 1693 1691)
4(1637 1639 1695 1693)
4(1639 1641 1697 1695)
4(1641 1643 1699 1697)
4(1643 1645 1701 1699)
4(1645 1647 1703 1701)
4(1647 1649 1705 1703)
4(1649 1651 1707 1705)
4(1651 1653 1709 1707)
4(1653 1655 1711 1709)
4(1655 1657 1713 1711)
4(1657 1659 1715 1713)
4(1659 1661 1717 1715)
4(1661 1663 1719 1717)
4(1663 1665 1721 1719)
4(1665 1667 1723 1721)
4(1667 1669 1725 1723)
4(1669 1671 1727 1725)
4(1671 1673 1729 1727)
4(1673 1675 1731 1729)
4(1675 1677 1733 1731)
4(1677 1679 1735 1733)
4(54 110 111 55)
4(110 166 167 111)
4(166 222 223 167)
4(222 278 279 223)
4(278 334 335 279)
4(334 390 391 335)
4(390 446 447 391)
4(446 502 503 447)
4(502 558 559 503)
4(558 614 615 559)
4(614 670 671 615)
4(670 726 727 671)
4(726 782 783 727)
4(782 838 839 783)
4(838 894 895 839)
4(894 950 951 895)
4(950 1006 1007 951)
4(1006 1062 1063 1007)
4(1062 1118 1119 1063)
4(1118 1174 1175 1119)
4(1174 1230 1231 1175)
4(1230 1286 1287 1231)
4(1286 1342 1343 1287)
4(1342 1398 1399 1343)
4(1398 1454 1455 1399)
4(1454 1510 1511 1455)
4(1510 1566 1567 1511)
4(1566 1622 1623 1567)
4(1622 1678 1679 1623)
4(1678 1734 1735 1679)
)


// ************************************************************************* //
