/*--------------------------------*- C++ -*----------------------------------*\
| =========                 |                                                 |
| \\      /  F ield         | OpenFOAM: The Open Source CFD Toolbox           |
|  \\    /   O peration     | Version:  2412                                  |
|   \\  /    A nd           | Website:  www.openfoam.com                      |
|    \\/     M anipulation  |                                                 |
\*---------------------------------------------------------------------------*/
FoamFile
{
    version     2.0;
    format      ascii;
    arch        "LSB;label=32;scalar=64";
    class       vectorField;
    location    "constant/box/polyMesh";
    object      points;
}
// * * * * * * * * * * * * * * * * * * * * * * * * * * * * * * * * * * * * * //


1736
(
(-0.002 0 0)
(0.002 0 0)
(-0.002 0.0366667 0)
(0.002 0.0366667 0)
(-0.002 0.0733333 0)
(0.002 0.0733333 0)
(-0.002 0.11 0)
(0.002 0.11 0)
(-0.002 0.146667 0)
(0.002 0.146667 0)
(-0.002 0.183333 0)
(0.002 0.183333 0)
(-0.002 0.22 0)
(0.002 0.22 0)
(-0.002 0.256667 0)
(0.002 0.256667 0)
(-0.002 0.293333 0)
(0.002 0.293333 0)
(-0.002 0.33 0)
(0.002 0.33 0)
(-0.002 0.366667 0)
(0.002 0.366667 0)
(-0.002 0.403333 0)
(0.002 0.403333 0)
(-0.002 0.44 0)
(0.002 0.44 0)
(-0.002 0.476667 0)
(0.002 0.476667 0)
(-0.002 0.513333 0)
(0.002 0.513333 0)
(-0.002 0.55 0)
(0.002 0.55 0)
(-0.002 0.586667 0)
(0.002 0.586667 0)
(-0.002 0.623333 0)
(0.002 0.623333 0)
(-0.002 0.66 0)
(0.002 0.66 0)
(-0.002 0.696667 0)
(0.002 0.696667 0)
(-0.002 0.733333 0)
(0.002 0.733333 0)
(-0.002 0.77 0)
(0.002 0.77 0)
(-0.002 0.806667 0)
(0.002 0.806667 0)
(-0.002 0.843333 0)
(0.002 0.843333 0)
(-0.002 0.88 0)
(0.002 0.88 0)
(-0.002 0.916667 0)
(0.002 0.916667 0)
(-0.002 0.953333 0)
(0.002 0.953333 0)
(-0.002 0.99 0)
(0.002 0.99 0)
(-0.002 0 0.0333333)
(0.002 0 0.0333333)
(-0.002 0.0366667 0.0333333)
(0.002 0.0366667 0.0333333)
(-0.002 0.0733333 0.0333333)
(0.002 0.0733333 0.0333333)
(-0.002 0.11 0.0333333)
(0.002 0.11 0.0333333)
(-0.002 0.146667 0.0333333)
(0.002 0.146667 0.0333333)
(-0.002 0.183333 0.0333333)
(0.002 0.183333 0.0333333)
(-0.002 0.22 0.0333333)
(0.002 0.22 0.0333333)
(-0.002 0.256667 0.0333333)
(0.002 0.256667 0.0333333)
(-0.002 0.293333 0.0333333)
(0.002 0.293333 0.0333333)
(-0.002 0.33 0.0333333)
(0.002 0.33 0.0333333)
(-0.002 0.366667 0.0333333)
(0.002 0.366667 0.0333333)
(-0.002 0.403333 0.0333333)
(0.002 0.403333 0.0333333)
(-0.002 0.44 0.0333333)
(0.002 0.44 0.0333333)
(-0.002 0.476667 0.0333333)
(0.002 0.476667 0.0333333)
(-0.002 0.513333 0.0333333)
(0.002 0.513333 0.0333333)
(-0.002 0.55 0.0333333)
(0.002 0.55 0.0333333)
(-0.002 0.586667 0.0333333)
(0.002 0.586667 0.0333333)
(-0.002 0.623333 0.0333333)
(0.002 0.623333 0.0333333)
(-0.002 0.66 0.0333333)
(0.002 0.66 0.0333333)
(-0.002 0.696667 0.0333333)
(0.002 0.696667 0.0333333)
(-0.002 0.733333 0.0333333)
(0.002 0.733333 0.0333333)
(-0.002 0.77 0.0333333)
(0.002 0.77 0.0333333)
(-0.002 0.806667 0.0333333)
(0.002 0.806667 0.0333333)
(-0.002 0.843333 0.0333333)
(0.002 0.843333 0.0333333)
(-0.002 0.88 0.0333333)
(0.002 0.88 0.0333333)
(-0.002 0.916667 0.0333333)
(0.002 0.916667 0.0333333)
(-0.002 0.953333 0.0333333)
(0.002 0.953333 0.0333333)
(-0.002 0.99 0.0333333)
(0.002 0.99 0.0333333)
(-0.002 0 0.0666667)
(0.002 0 0.0666667)
(-0.002 0.0366667 0.0666667)
(0.002 0.0366667 0.0666667)
(-0.002 0.0733333 0.0666667)
(0.002 0.0733333 0.0666667)
(-0.002 0.11 0.0666667)
(0.002 0.11 0.0666667)
(-0.002 0.146667 0.0666667)
(0.002 0.146667 0.0666667)
(-0.002 0.183333 0.0666667)
(0.002 0.183333 0.0666667)
(-0.002 0.22 0.0666667)
(0.002 0.22 0.0666667)
(-0.002 0.256667 0.0666667)
(0.002 0.256667 0.0666667)
(-0.002 0.293333 0.0666667)
(0.002 0.293333 0.0666667)
(-0.002 0.33 0.0666667)
(0.002 0.33 0.0666667)
(-0.002 0.366667 0.0666667)
(0.002 0.366667 0.0666667)
(-0.002 0.403333 0.0666667)
(0.002 0.403333 0.0666667)
(-0.002 0.44 0.0666667)
(0.002 0.44 0.0666667)
(-0.002 0.476667 0.0666667)
(0.002 0.476667 0.0666667)
(-0.002 0.513333 0.0666667)
(0.002 0.513333 0.0666667)
(-0.002 0.55 0.0666667)
(0.002 0.55 0.0666667)
(-0.002 0.586667 0.0666667)
(0.002 0.586667 0.0666667)
(-0.002 0.623333 0.0666667)
(0.002 0.623333 0.0666667)
(-0.002 0.66 0.0666667)
(0.002 0.66 0.0666667)
(-0.002 0.696667 0.0666667)
(0.002 0.696667 0.0666667)
(-0.002 0.733333 0.0666667)
(0.002 0.733333 0.0666667)
(-0.002 0.77 0.0666667)
(0.002 0.77 0.0666667)
(-0.002 0.806667 0.0666667)
(0.002 0.806667 0.0666667)
(-0.002 0.843333 0.0666667)
(0.002 0.843333 0.0666667)
(-0.002 0.88 0.0666667)
(0.002 0.88 0.0666667)
(-0.002 0.916667 0.0666667)
(0.002 0.916667 0.0666667)
(-0.002 0.953333 0.0666667)
(0.002 0.953333 0.0666667)
(-0.002 0.99 0.0666667)
(0.002 0.99 0.0666667)
(-0.002 0 0.1)
(0.002 0 0.1)
(-0.002 0.0366667 0.1)
(0.002 0.0366667 0.1)
(-0.002 0.0733333 0.1)
(0.002 0.0733333 0.1)
(-0.002 0.11 0.1)
(0.002 0.11 0.1)
(-0.002 0.146667 0.1)
(0.002 0.146667 0.1)
(-0.002 0.183333 0.1)
(0.002 0.183333 0.1)
(-0.002 0.22 0.1)
(0.002 0.22 0.1)
(-0.002 0.256667 0.1)
(0.002 0.256667 0.1)
(-0.002 0.293333 0.1)
(0.002 0.293333 0.1)
(-0.002 0.33 0.1)
(0.002 0.33 0.1)
(-0.002 0.366667 0.1)
(0.002 0.366667 0.1)
(-0.002 0.403333 0.1)
(0.002 0.403333 0.1)
(-0.002 0.44 0.1)
(0.002 0.44 0.1)
(-0.002 0.476667 0.1)
(0.002 0.476667 0.1)
(-0.002 0.513333 0.1)
(0.002 0.513333 0.1)
(-0.002 0.55 0.1)
(0.002 0.55 0.1)
(-0.002 0.586667 0.1)
(0.002 0.586667 0.1)
(-0.002 0.623333 0.1)
(0.002 0.623333 0.1)
(-0.002 0.66 0.1)
(0.002 0.66 0.1)
(-0.002 0.696667 0.1)
(0.002 0.696667 0.1)
(-0.002 0.733333 0.1)
(0.002 0.733333 0.1)
(-0.002 0.77 0.1)
(0.002 0.77 0.1)
(-0.002 0.806667 0.1)
(0.002 0.806667 0.1)
(-0.002 0.843333 0.1)
(0.002 0.843333 0.1)
(-0.002 0.88 0.1)
(0.002 0.88 0.1)
(-0.002 0.916667 0.1)
(0.002 0.916667 0.1)
(-0.002 0.953333 0.1)
(0.002 0.953333 0.1)
(-0.002 0.99 0.1)
(0.002 0.99 0.1)
(-0.002 0 0.133333)
(0.002 0 0.133333)
(-0.002 0.0366667 0.133333)
(0.002 0.0366667 0.133333)
(-0.002 0.0733333 0.133333)
(0.002 0.0733333 0.133333)
(-0.002 0.11 0.133333)
(0.002 0.11 0.133333)
(-0.002 0.146667 0.133333)
(0.002 0.146667 0.133333)
(-0.002 0.183333 0.133333)
(0.002 0.183333 0.133333)
(-0.002 0.22 0.133333)
(0.002 0.22 0.133333)
(-0.002 0.256667 0.133333)
(0.002 0.256667 0.133333)
(-0.002 0.293333 0.133333)
(0.002 0.293333 0.133333)
(-0.002 0.33 0.133333)
(0.002 0.33 0.133333)
(-0.002 0.366667 0.133333)
(0.002 0.366667 0.133333)
(-0.002 0.403333 0.133333)
(0.002 0.403333 0.133333)
(-0.002 0.44 0.133333)
(0.002 0.44 0.133333)
(-0.002 0.476667 0.133333)
(0.002 0.476667 0.133333)
(-0.002 0.513333 0.133333)
(0.002 0.513333 0.133333)
(-0.002 0.55 0.133333)
(0.002 0.55 0.133333)
(-0.002 0.586667 0.133333)
(0.002 0.586667 0.133333)
(-0.002 0.623333 0.133333)
(0.002 0.623333 0.133333)
(-0.002 0.66 0.133333)
(0.002 0.66 0.133333)
(-0.002 0.696667 0.133333)
(0.002 0.696667 0.133333)
(-0.002 0.733333 0.133333)
(0.002 0.733333 0.133333)
(-0.002 0.77 0.133333)
(0.002 0.77 0.133333)
(-0.002 0.806667 0.133333)
(0.002 0.806667 0.133333)
(-0.002 0.843333 0.133333)
(0.002 0.843333 0.133333)
(-0.002 0.88 0.133333)
(0.002 0.88 0.133333)
(-0.002 0.916667 0.133333)
(0.002 0.916667 0.133333)
(-0.002 0.953333 0.133333)
(0.002 0.953333 0.133333)
(-0.002 0.99 0.133333)
(0.002 0.99 0.133333)
(-0.002 0 0.166667)
(0.002 0 0.166667)
(-0.002 0.0366667 0.166667)
(0.002 0.0366667 0.166667)
(-0.002 0.0733333 0.166667)
(0.002 0.0733333 0.166667)
(-0.002 0.11 0.166667)
(0.002 0.11 0.166667)
(-0.002 0.146667 0.166667)
(0.002 0.146667 0.166667)
(-0.002 0.183333 0.166667)
(0.002 0.183333 0.166667)
(-0.002 0.22 0.166667)
(0.002 0.22 0.166667)
(-0.002 0.256667 0.166667)
(0.002 0.256667 0.166667)
(-0.002 0.293333 0.166667)
(0.002 0.293333 0.166667)
(-0.002 0.33 0.166667)
(0.002 0.33 0.166667)
(-0.002 0.366667 0.166667)
(0.002 0.366667 0.166667)
(-0.002 0.403333 0.166667)
(0.002 0.403333 0.166667)
(-0.002 0.44 0.166667)
(0.002 0.44 0.166667)
(-0.002 0.476667 0.166667)
(0.002 0.476667 0.166667)
(-0.002 0.513333 0.166667)
(0.002 0.513333 0.166667)
(-0.002 0.55 0.166667)
(0.002 0.55 0.166667)
(-0.002 0.586667 0.166667)
(0.002 0.586667 0.166667)
(-0.002 0.623333 0.166667)
(0.002 0.623333 0.166667)
(-0.002 0.66 0.166667)
(0.002 0.66 0.166667)
(-0.002 0.696667 0.166667)
(0.002 0.696667 0.166667)
(-0.002 0.733333 0.166667)
(0.002 0.733333 0.166667)
(-0.002 0.77 0.166667)
(0.002 0.77 0.166667)
(-0.002 0.806667 0.166667)
(0.002 0.806667 0.166667)
(-0.002 0.843333 0.166667)
(0.002 0.843333 0.166667)
(-0.002 0.88 0.166667)
(0.002 0.88 0.166667)
(-0.002 0.916667 0.166667)
(0.002 0.916667 0.166667)
(-0.002 0.953333 0.166667)
(0.002 0.953333 0.166667)
(-0.002 0.99 0.166667)
(0.002 0.99 0.166667)
(-0.002 0 0.2)
(0.002 0 0.2)
(-0.002 0.0366667 0.2)
(0.002 0.0366667 0.2)
(-0.002 0.0733333 0.2)
(0.002 0.0733333 0.2)
(-0.002 0.11 0.2)
(0.002 0.11 0.2)
(-0.002 0.146667 0.2)
(0.002 0.146667 0.2)
(-0.002 0.183333 0.2)
(0.002 0.183333 0.2)
(-0.002 0.22 0.2)
(0.002 0.22 0.2)
(-0.002 0.256667 0.2)
(0.002 0.256667 0.2)
(-0.002 0.293333 0.2)
(0.002 0.293333 0.2)
(-0.002 0.33 0.2)
(0.002 0.33 0.2)
(-0.002 0.366667 0.2)
(0.002 0.366667 0.2)
(-0.002 0.403333 0.2)
(0.002 0.403333 0.2)
(-0.002 0.44 0.2)
(0.002 0.44 0.2)
(-0.002 0.476667 0.2)
(0.002 0.476667 0.2)
(-0.002 0.513333 0.2)
(0.002 0.513333 0.2)
(-0.002 0.55 0.2)
(0.002 0.55 0.2)
(-0.002 0.586667 0.2)
(0.002 0.586667 0.2)
(-0.002 0.623333 0.2)
(0.002 0.623333 0.2)
(-0.002 0.66 0.2)
(0.002 0.66 0.2)
(-0.002 0.696667 0.2)
(0.002 0.696667 0.2)
(-0.002 0.733333 0.2)
(0.002 0.733333 0.2)
(-0.002 0.77 0.2)
(0.002 0.77 0.2)
(-0.002 0.806667 0.2)
(0.002 0.806667 0.2)
(-0.002 0.843333 0.2)
(0.002 0.843333 0.2)
(-0.002 0.88 0.2)
(0.002 0.88 0.2)
(-0.002 0.916667 0.2)
(0.002 0.916667 0.2)
(-0.002 0.953333 0.2)
(0.002 0.953333 0.2)
(-0.002 0.99 0.2)
(0.002 0.99 0.2)
(-0.002 0 0.233333)
(0.002 0 0.233333)
(-0.002 0.0366667 0.233333)
(0.002 0.0366667 0.233333)
(-0.002 0.0733333 0.233333)
(0.002 0.0733333 0.233333)
(-0.002 0.11 0.233333)
(0.002 0.11 0.233333)
(-0.002 0.146667 0.233333)
(0.002 0.146667 0.233333)
(-0.002 0.183333 0.233333)
(0.002 0.183333 0.233333)
(-0.002 0.22 0.233333)
(0.002 0.22 0.233333)
(-0.002 0.256667 0.233333)
(0.002 0.256667 0.233333)
(-0.002 0.293333 0.233333)
(0.002 0.293333 0.233333)
(-0.002 0.33 0.233333)
(0.002 0.33 0.233333)
(-0.002 0.366667 0.233333)
(0.002 0.366667 0.233333)
(-0.002 0.403333 0.233333)
(0.002 0.403333 0.233333)
(-0.002 0.44 0.233333)
(0.002 0.44 0.233333)
(-0.002 0.476667 0.233333)
(0.002 0.476667 0.233333)
(-0.002 0.513333 0.233333)
(0.002 0.513333 0.233333)
(-0.002 0.55 0.233333)
(0.002 0.55 0.233333)
(-0.002 0.586667 0.233333)
(0.002 0.586667 0.233333)
(-0.002 0.623333 0.233333)
(0.002 0.623333 0.233333)
(-0.002 0.66 0.233333)
(0.002 0.66 0.233333)
(-0.002 0.696667 0.233333)
(0.002 0.696667 0.233333)
(-0.002 0.733333 0.233333)
(0.002 0.733333 0.233333)
(-0.002 0.77 0.233333)
(0.002 0.77 0.233333)
(-0.002 0.806667 0.233333)
(0.002 0.806667 0.233333)
(-0.002 0.843333 0.233333)
(0.002 0.843333 0.233333)
(-0.002 0.88 0.233333)
(0.002 0.88 0.233333)
(-0.002 0.916667 0.233333)
(0.002 0.916667 0.233333)
(-0.002 0.953333 0.233333)
(0.002 0.953333 0.233333)
(-0.002 0.99 0.233333)
(0.002 0.99 0.233333)
(-0.002 0 0.266667)
(0.002 0 0.266667)
(-0.002 0.0366667 0.266667)
(0.002 0.0366667 0.266667)
(-0.002 0.0733333 0.266667)
(0.002 0.0733333 0.266667)
(-0.002 0.11 0.266667)
(0.002 0.11 0.266667)
(-0.002 0.146667 0.266667)
(0.002 0.146667 0.266667)
(-0.002 0.183333 0.266667)
(0.002 0.183333 0.266667)
(-0.002 0.22 0.266667)
(0.002 0.22 0.266667)
(-0.002 0.256667 0.266667)
(0.002 0.256667 0.266667)
(-0.002 0.293333 0.266667)
(0.002 0.293333 0.266667)
(-0.002 0.33 0.266667)
(0.002 0.33 0.266667)
(-0.002 0.366667 0.266667)
(0.002 0.366667 0.266667)
(-0.002 0.403333 0.266667)
(0.002 0.403333 0.266667)
(-0.002 0.44 0.266667)
(0.002 0.44 0.266667)
(-0.002 0.476667 0.266667)
(0.002 0.476667 0.266667)
(-0.002 0.513333 0.266667)
(0.002 0.513333 0.266667)
(-0.002 0.55 0.266667)
(0.002 0.55 0.266667)
(-0.002 0.586667 0.266667)
(0.002 0.586667 0.266667)
(-0.002 0.623333 0.266667)
(0.002 0.623333 0.266667)
(-0.002 0.66 0.266667)
(0.002 0.66 0.266667)
(-0.002 0.696667 0.266667)
(0.002 0.696667 0.266667)
(-0.002 0.733333 0.266667)
(0.002 0.733333 0.266667)
(-0.002 0.77 0.266667)
(0.002 0.77 0.266667)
(-0.002 0.806667 0.266667)
(0.002 0.806667 0.266667)
(-0.002 0.843333 0.266667)
(0.002 0.843333 0.266667)
(-0.002 0.88 0.266667)
(0.002 0.88 0.266667)
(-0.002 0.916667 0.266667)
(0.002 0.916667 0.266667)
(-0.002 0.953333 0.266667)
(0.002 0.953333 0.266667)
(-0.002 0.99 0.266667)
(0.002 0.99 0.266667)
(-0.002 0 0.3)
(0.002 0 0.3)
(-0.002 0.0366667 0.3)
(0.002 0.0366667 0.3)
(-0.002 0.0733333 0.3)
(0.002 0.0733333 0.3)
(-0.002 0.11 0.3)
(0.002 0.11 0.3)
(-0.002 0.146667 0.3)
(0.002 0.146667 0.3)
(-0.002 0.183333 0.3)
(0.002 0.183333 0.3)
(-0.002 0.22 0.3)
(0.002 0.22 0.3)
(-0.002 0.256667 0.3)
(0.002 0.256667 0.3)
(-0.002 0.293333 0.3)
(0.002 0.293333 0.3)
(-0.002 0.33 0.3)
(0.002 0.33 0.3)
(-0.002 0.366667 0.3)
(0.002 0.366667 0.3)
(-0.002 0.403333 0.3)
(0.002 0.403333 0.3)
(-0.002 0.44 0.3)
(0.002 0.44 0.3)
(-0.002 0.476667 0.3)
(0.002 0.476667 0.3)
(-0.002 0.513333 0.3)
(0.002 0.513333 0.3)
(-0.002 0.55 0.3)
(0.002 0.55 0.3)
(-0.002 0.586667 0.3)
(0.002 0.586667 0.3)
(-0.002 0.623333 0.3)
(0.002 0.623333 0.3)
(-0.002 0.66 0.3)
(0.002 0.66 0.3)
(-0.002 0.696667 0.3)
(0.002 0.696667 0.3)
(-0.002 0.733333 0.3)
(0.002 0.733333 0.3)
(-0.002 0.77 0.3)
(0.002 0.77 0.3)
(-0.002 0.806667 0.3)
(0.002 0.806667 0.3)
(-0.002 0.843333 0.3)
(0.002 0.843333 0.3)
(-0.002 0.88 0.3)
(0.002 0.88 0.3)
(-0.002 0.916667 0.3)
(0.002 0.916667 0.3)
(-0.002 0.953333 0.3)
(0.002 0.953333 0.3)
(-0.002 0.99 0.3)
(0.002 0.99 0.3)
(-0.002 0 0.333333)
(0.002 0 0.333333)
(-0.002 0.0366667 0.333333)
(0.002 0.0366667 0.333333)
(-0.002 0.0733333 0.333333)
(0.002 0.0733333 0.333333)
(-0.002 0.11 0.333333)
(0.002 0.11 0.333333)
(-0.002 0.146667 0.333333)
(0.002 0.146667 0.333333)
(-0.002 0.183333 0.333333)
(0.002 0.183333 0.333333)
(-0.002 0.22 0.333333)
(0.002 0.22 0.333333)
(-0.002 0.256667 0.333333)
(0.002 0.256667 0.333333)
(-0.002 0.293333 0.333333)
(0.002 0.293333 0.333333)
(-0.002 0.33 0.333333)
(0.002 0.33 0.333333)
(-0.002 0.366667 0.333333)
(0.002 0.366667 0.333333)
(-0.002 0.403333 0.333333)
(0.002 0.403333 0.333333)
(-0.002 0.44 0.333333)
(0.002 0.44 0.333333)
(-0.002 0.476667 0.333333)
(0.002 0.476667 0.333333)
(-0.002 0.513333 0.333333)
(0.002 0.513333 0.333333)
(-0.002 0.55 0.333333)
(0.002 0.55 0.333333)
(-0.002 0.586667 0.333333)
(0.002 0.586667 0.333333)
(-0.002 0.623333 0.333333)
(0.002 0.623333 0.333333)
(-0.002 0.66 0.333333)
(0.002 0.66 0.333333)
(-0.002 0.696667 0.333333)
(0.002 0.696667 0.333333)
(-0.002 0.733333 0.333333)
(0.002 0.733333 0.333333)
(-0.002 0.77 0.333333)
(0.002 0.77 0.333333)
(-0.002 0.806667 0.333333)
(0.002 0.806667 0.333333)
(-0.002 0.843333 0.333333)
(0.002 0.843333 0.333333)
(-0.002 0.88 0.333333)
(0.002 0.88 0.333333)
(-0.002 0.916667 0.333333)
(0.002 0.916667 0.333333)
(-0.002 0.953333 0.333333)
(0.002 0.953333 0.333333)
(-0.002 0.99 0.333333)
(0.002 0.99 0.333333)
(-0.002 0 0.366667)
(0.002 0 0.366667)
(-0.002 0.0366667 0.366667)
(0.002 0.0366667 0.366667)
(-0.002 0.0733333 0.366667)
(0.002 0.0733333 0.366667)
(-0.002 0.11 0.366667)
(0.002 0.11 0.366667)
(-0.002 0.146667 0.366667)
(0.002 0.146667 0.366667)
(-0.002 0.183333 0.366667)
(0.002 0.183333 0.366667)
(-0.002 0.22 0.366667)
(0.002 0.22 0.366667)
(-0.002 0.256667 0.366667)
(0.002 0.256667 0.366667)
(-0.002 0.293333 0.366667)
(0.002 0.293333 0.366667)
(-0.002 0.33 0.366667)
(0.002 0.33 0.366667)
(-0.002 0.366667 0.366667)
(0.002 0.366667 0.366667)
(-0.002 0.403333 0.366667)
(0.002 0.403333 0.366667)
(-0.002 0.44 0.366667)
(0.002 0.44 0.366667)
(-0.002 0.476667 0.366667)
(0.002 0.476667 0.366667)
(-0.002 0.513333 0.366667)
(0.002 0.513333 0.366667)
(-0.002 0.55 0.366667)
(0.002 0.55 0.366667)
(-0.002 0.586667 0.366667)
(0.002 0.586667 0.366667)
(-0.002 0.623333 0.366667)
(0.002 0.623333 0.366667)
(-0.002 0.66 0.366667)
(0.002 0.66 0.366667)
(-0.002 0.696667 0.366667)
(0.002 0.696667 0.366667)
(-0.002 0.733333 0.366667)
(0.002 0.733333 0.366667)
(-0.002 0.77 0.366667)
(0.002 0.77 0.366667)
(-0.002 0.806667 0.366667)
(0.002 0.806667 0.366667)
(-0.002 0.843333 0.366667)
(0.002 0.843333 0.366667)
(-0.002 0.88 0.366667)
(0.002 0.88 0.366667)
(-0.002 0.916667 0.366667)
(0.002 0.916667 0.366667)
(-0.002 0.953333 0.366667)
(0.002 0.953333 0.366667)
(-0.002 0.99 0.366667)
(0.002 0.99 0.366667)
(-0.002 0 0.4)
(0.002 0 0.4)
(-0.002 0.0366667 0.4)
(0.002 0.0366667 0.4)
(-0.002 0.0733333 0.4)
(0.002 0.0733333 0.4)
(-0.002 0.11 0.4)
(0.002 0.11 0.4)
(-0.002 0.146667 0.4)
(0.002 0.146667 0.4)
(-0.002 0.183333 0.4)
(0.002 0.183333 0.4)
(-0.002 0.22 0.4)
(0.002 0.22 0.4)
(-0.002 0.256667 0.4)
(0.002 0.256667 0.4)
(-0.002 0.293333 0.4)
(0.002 0.293333 0.4)
(-0.002 0.33 0.4)
(0.002 0.33 0.4)
(-0.002 0.366667 0.4)
(0.002 0.366667 0.4)
(-0.002 0.403333 0.4)
(0.002 0.403333 0.4)
(-0.002 0.44 0.4)
(0.002 0.44 0.4)
(-0.002 0.476667 0.4)
(0.002 0.476667 0.4)
(-0.002 0.513333 0.4)
(0.002 0.513333 0.4)
(-0.002 0.55 0.4)
(0.002 0.55 0.4)
(-0.002 0.586667 0.4)
(0.002 0.586667 0.4)
(-0.002 0.623333 0.4)
(0.002 0.623333 0.4)
(-0.002 0.66 0.4)
(0.002 0.66 0.4)
(-0.002 0.696667 0.4)
(0.002 0.696667 0.4)
(-0.002 0.733333 0.4)
(0.002 0.733333 0.4)
(-0.002 0.77 0.4)
(0.002 0.77 0.4)
(-0.002 0.806667 0.4)
(0.002 0.806667 0.4)
(-0.002 0.843333 0.4)
(0.002 0.843333 0.4)
(-0.002 0.88 0.4)
(0.002 0.88 0.4)
(-0.002 0.916667 0.4)
(0.002 0.916667 0.4)
(-0.002 0.953333 0.4)
(0.002 0.953333 0.4)
(-0.002 0.99 0.4)
(0.002 0.99 0.4)
(-0.002 0 0.433333)
(0.002 0 0.433333)
(-0.002 0.0366667 0.433333)
(0.002 0.0366667 0.433333)
(-0.002 0.0733333 0.433333)
(0.002 0.0733333 0.433333)
(-0.002 0.11 0.433333)
(0.002 0.11 0.433333)
(-0.002 0.146667 0.433333)
(0.002 0.146667 0.433333)
(-0.002 0.183333 0.433333)
(0.002 0.183333 0.433333)
(-0.002 0.22 0.433333)
(0.002 0.22 0.433333)
(-0.002 0.256667 0.433333)
(0.002 0.256667 0.433333)
(-0.002 0.293333 0.433333)
(0.002 0.293333 0.433333)
(-0.002 0.33 0.433333)
(0.002 0.33 0.433333)
(-0.002 0.366667 0.433333)
(0.002 0.366667 0.433333)
(-0.002 0.403333 0.433333)
(0.002 0.403333 0.433333)
(-0.002 0.44 0.433333)
(0.002 0.44 0.433333)
(-0.002 0.476667 0.433333)
(0.002 0.476667 0.433333)
(-0.002 0.513333 0.433333)
(0.002 0.513333 0.433333)
(-0.002 0.55 0.433333)
(0.002 0.55 0.433333)
(-0.002 0.586667 0.433333)
(0.002 0.586667 0.433333)
(-0.002 0.623333 0.433333)
(0.002 0.623333 0.433333)
(-0.002 0.66 0.433333)
(0.002 0.66 0.433333)
(-0.002 0.696667 0.433333)
(0.002 0.696667 0.433333)
(-0.002 0.733333 0.433333)
(0.002 0.733333 0.433333)
(-0.002 0.77 0.433333)
(0.002 0.77 0.433333)
(-0.002 0.806667 0.433333)
(0.002 0.806667 0.433333)
(-0.002 0.843333 0.433333)
(0.002 0.843333 0.433333)
(-0.002 0.88 0.433333)
(0.002 0.88 0.433333)
(-0.002 0.916667 0.433333)
(0.002 0.916667 0.433333)
(-0.002 0.953333 0.433333)
(0.002 0.953333 0.433333)
(-0.002 0.99 0.433333)
(0.002 0.99 0.433333)
(-0.002 0 0.466667)
(0.002 0 0.466667)
(-0.002 0.0366667 0.466667)
(0.002 0.0366667 0.466667)
(-0.002 0.0733333 0.466667)
(0.002 0.0733333 0.466667)
(-0.002 0.11 0.466667)
(0.002 0.11 0.466667)
(-0.002 0.146667 0.466667)
(0.002 0.146667 0.466667)
(-0.002 0.183333 0.466667)
(0.002 0.183333 0.466667)
(-0.002 0.22 0.466667)
(0.002 0.22 0.466667)
(-0.002 0.256667 0.466667)
(0.002 0.256667 0.466667)
(-0.002 0.293333 0.466667)
(0.002 0.293333 0.466667)
(-0.002 0.33 0.466667)
(0.002 0.33 0.466667)
(-0.002 0.366667 0.466667)
(0.002 0.366667 0.466667)
(-0.002 0.403333 0.466667)
(0.002 0.403333 0.466667)
(-0.002 0.44 0.466667)
(0.002 0.44 0.466667)
(-0.002 0.476667 0.466667)
(0.002 0.476667 0.466667)
(-0.002 0.513333 0.466667)
(0.002 0.513333 0.466667)
(-0.002 0.55 0.466667)
(0.002 0.55 0.466667)
(-0.002 0.586667 0.466667)
(0.002 0.586667 0.466667)
(-0.002 0.623333 0.466667)
(0.002 0.623333 0.466667)
(-0.002 0.66 0.466667)
(0.002 0.66 0.466667)
(-0.002 0.696667 0.466667)
(0.002 0.696667 0.466667)
(-0.002 0.733333 0.466667)
(0.002 0.733333 0.466667)
(-0.002 0.77 0.466667)
(0.002 0.77 0.466667)
(-0.002 0.806667 0.466667)
(0.002 0.806667 0.466667)
(-0.002 0.843333 0.466667)
(0.002 0.843333 0.466667)
(-0.002 0.88 0.466667)
(0.002 0.88 0.466667)
(-0.002 0.916667 0.466667)
(0.002 0.916667 0.466667)
(-0.002 0.953333 0.466667)
(0.002 0.953333 0.466667)
(-0.002 0.99 0.466667)
(0.002 0.99 0.466667)
(-0.002 0 0.5)
(0.002 0 0.5)
(-0.002 0.0366667 0.5)
(0.002 0.0366667 0.5)
(-0.002 0.0733333 0.5)
(0.002 0.0733333 0.5)
(-0.002 0.11 0.5)
(0.002 0.11 0.5)
(-0.002 0.146667 0.5)
(0.002 0.146667 0.5)
(-0.002 0.183333 0.5)
(0.002 0.183333 0.5)
(-0.002 0.22 0.5)
(0.002 0.22 0.5)
(-0.002 0.256667 0.5)
(0.002 0.256667 0.5)
(-0.002 0.293333 0.5)
(0.002 0.293333 0.5)
(-0.002 0.33 0.5)
(0.002 0.33 0.5)
(-0.002 0.366667 0.5)
(0.002 0.366667 0.5)
(-0.002 0.403333 0.5)
(0.002 0.403333 0.5)
(-0.002 0.44 0.5)
(0.002 0.44 0.5)
(-0.002 0.476667 0.5)
(0.002 0.476667 0.5)
(-0.002 0.513333 0.5)
(0.002 0.513333 0.5)
(-0.002 0.55 0.5)
(0.002 0.55 0.5)
(-0.002 0.586667 0.5)
(0.002 0.586667 0.5)
(-0.002 0.623333 0.5)
(0.002 0.623333 0.5)
(-0.002 0.66 0.5)
(0.002 0.66 0.5)
(-0.002 0.696667 0.5)
(0.002 0.696667 0.5)
(-0.002 0.733333 0.5)
(0.002 0.733333 0.5)
(-0.002 0.77 0.5)
(0.002 0.77 0.5)
(-0.002 0.806667 0.5)
(0.002 0.806667 0.5)
(-0.002 0.843333 0.5)
(0.002 0.843333 0.5)
(-0.002 0.88 0.5)
(0.002 0.88 0.5)
(-0.002 0.916667 0.5)
(0.002 0.916667 0.5)
(-0.002 0.953333 0.5)
(0.002 0.953333 0.5)
(-0.002 0.99 0.5)
(0.002 0.99 0.5)
(-0.002 0 0.533333)
(0.002 0 0.533333)
(-0.002 0.0366667 0.533333)
(0.002 0.0366667 0.533333)
(-0.002 0.0733333 0.533333)
(0.002 0.0733333 0.533333)
(-0.002 0.11 0.533333)
(0.002 0.11 0.533333)
(-0.002 0.146667 0.533333)
(0.002 0.146667 0.533333)
(-0.002 0.183333 0.533333)
(0.002 0.183333 0.533333)
(-0.002 0.22 0.533333)
(0.002 0.22 0.533333)
(-0.002 0.256667 0.533333)
(0.002 0.256667 0.533333)
(-0.002 0.293333 0.533333)
(0.002 0.293333 0.533333)
(-0.002 0.33 0.533333)
(0.002 0.33 0.533333)
(-0.002 0.366667 0.533333)
(0.002 0.366667 0.533333)
(-0.002 0.403333 0.533333)
(0.002 0.403333 0.533333)
(-0.002 0.44 0.533333)
(0.002 0.44 0.533333)
(-0.002 0.476667 0.533333)
(0.002 0.476667 0.533333)
(-0.002 0.513333 0.533333)
(0.002 0.513333 0.533333)
(-0.002 0.55 0.533333)
(0.002 0.55 0.533333)
(-0.002 0.586667 0.533333)
(0.002 0.586667 0.533333)
(-0.002 0.623333 0.533333)
(0.002 0.623333 0.533333)
(-0.002 0.66 0.533333)
(0.002 0.66 0.533333)
(-0.002 0.696667 0.533333)
(0.002 0.696667 0.533333)
(-0.002 0.733333 0.533333)
(0.002 0.733333 0.533333)
(-0.002 0.77 0.533333)
(0.002 0.77 0.533333)
(-0.002 0.806667 0.533333)
(0.002 0.806667 0.533333)
(-0.002 0.843333 0.533333)
(0.002 0.843333 0.533333)
(-0.002 0.88 0.533333)
(0.002 0.88 0.533333)
(-0.002 0.916667 0.533333)
(0.002 0.916667 0.533333)
(-0.002 0.953333 0.533333)
(0.002 0.953333 0.533333)
(-0.002 0.99 0.533333)
(0.002 0.99 0.533333)
(-0.002 0 0.566667)
(0.002 0 0.566667)
(-0.002 0.0366667 0.566667)
(0.002 0.0366667 0.566667)
(-0.002 0.0733333 0.566667)
(0.002 0.0733333 0.566667)
(-0.002 0.11 0.566667)
(0.002 0.11 0.566667)
(-0.002 0.146667 0.566667)
(0.002 0.146667 0.566667)
(-0.002 0.183333 0.566667)
(0.002 0.183333 0.566667)
(-0.002 0.22 0.566667)
(0.002 0.22 0.566667)
(-0.002 0.256667 0.566667)
(0.002 0.256667 0.566667)
(-0.002 0.293333 0.566667)
(0.002 0.293333 0.566667)
(-0.002 0.33 0.566667)
(0.002 0.33 0.566667)
(-0.002 0.366667 0.566667)
(0.002 0.366667 0.566667)
(-0.002 0.403333 0.566667)
(0.002 0.403333 0.566667)
(-0.002 0.44 0.566667)
(0.002 0.44 0.566667)
(-0.002 0.476667 0.566667)
(0.002 0.476667 0.566667)
(-0.002 0.513333 0.566667)
(0.002 0.513333 0.566667)
(-0.002 0.55 0.566667)
(0.002 0.55 0.566667)
(-0.002 0.586667 0.566667)
(0.002 0.586667 0.566667)
(-0.002 0.623333 0.566667)
(0.002 0.623333 0.566667)
(-0.002 0.66 0.566667)
(0.002 0.66 0.566667)
(-0.002 0.696667 0.566667)
(0.002 0.696667 0.566667)
(-0.002 0.733333 0.566667)
(0.002 0.733333 0.566667)
(-0.002 0.77 0.566667)
(0.002 0.77 0.566667)
(-0.002 0.806667 0.566667)
(0.002 0.806667 0.566667)
(-0.002 0.843333 0.566667)
(0.002 0.843333 0.566667)
(-0.002 0.88 0.566667)
(0.002 0.88 0.566667)
(-0.002 0.916667 0.566667)
(0.002 0.916667 0.566667)
(-0.002 0.953333 0.566667)
(0.002 0.953333 0.566667)
(-0.002 0.99 0.566667)
(0.002 0.99 0.566667)
(-0.002 0 0.6)
(0.002 0 0.6)
(-0.002 0.0366667 0.6)
(0.002 0.0366667 0.6)
(-0.002 0.0733333 0.6)
(0.002 0.0733333 0.6)
(-0.002 0.11 0.6)
(0.002 0.11 0.6)
(-0.002 0.146667 0.6)
(0.002 0.146667 0.6)
(-0.002 0.183333 0.6)
(0.002 0.183333 0.6)
(-0.002 0.22 0.6)
(0.002 0.22 0.6)
(-0.002 0.256667 0.6)
(0.002 0.256667 0.6)
(-0.002 0.293333 0.6)
(0.002 0.293333 0.6)
(-0.002 0.33 0.6)
(0.002 0.33 0.6)
(-0.002 0.366667 0.6)
(0.002 0.366667 0.6)
(-0.002 0.403333 0.6)
(0.002 0.403333 0.6)
(-0.002 0.44 0.6)
(0.002 0.44 0.6)
(-0.002 0.476667 0.6)
(0.002 0.476667 0.6)
(-0.002 0.513333 0.6)
(0.002 0.513333 0.6)
(-0.002 0.55 0.6)
(0.002 0.55 0.6)
(-0.002 0.586667 0.6)
(0.002 0.586667 0.6)
(-0.002 0.623333 0.6)
(0.002 0.623333 0.6)
(-0.002 0.66 0.6)
(0.002 0.66 0.6)
(-0.002 0.696667 0.6)
(0.002 0.696667 0.6)
(-0.002 0.733333 0.6)
(0.002 0.733333 0.6)
(-0.002 0.77 0.6)
(0.002 0.77 0.6)
(-0.002 0.806667 0.6)
(0.002 0.806667 0.6)
(-0.002 0.843333 0.6)
(0.002 0.843333 0.6)
(-0.002 0.88 0.6)
(0.002 0.88 0.6)
(-0.002 0.916667 0.6)
(0.002 0.916667 0.6)
(-0.002 0.953333 0.6)
(0.002 0.953333 0.6)
(-0.002 0.99 0.6)
(0.002 0.99 0.6)
(-0.002 0 0.633333)
(0.002 0 0.633333)
(-0.002 0.0366667 0.633333)
(0.002 0.0366667 0.633333)
(-0.002 0.0733333 0.633333)
(0.002 0.0733333 0.633333)
(-0.002 0.11 0.633333)
(0.002 0.11 0.633333)
(-0.002 0.146667 0.633333)
(0.002 0.146667 0.633333)
(-0.002 0.183333 0.633333)
(0.002 0.183333 0.633333)
(-0.002 0.22 0.633333)
(0.002 0.22 0.633333)
(-0.002 0.256667 0.633333)
(0.002 0.256667 0.633333)
(-0.002 0.293333 0.633333)
(0.002 0.293333 0.633333)
(-0.002 0.33 0.633333)
(0.002 0.33 0.633333)
(-0.002 0.366667 0.633333)
(0.002 0.366667 0.633333)
(-0.002 0.403333 0.633333)
(0.002 0.403333 0.633333)
(-0.002 0.44 0.633333)
(0.002 0.44 0.633333)
(-0.002 0.476667 0.633333)
(0.002 0.476667 0.633333)
(-0.002 0.513333 0.633333)
(0.002 0.513333 0.633333)
(-0.002 0.55 0.633333)
(0.002 0.55 0.633333)
(-0.002 0.586667 0.633333)
(0.002 0.586667 0.633333)
(-0.002 0.623333 0.633333)
(0.002 0.623333 0.633333)
(-0.002 0.66 0.633333)
(0.002 0.66 0.633333)
(-0.002 0.696667 0.633333)
(0.002 0.696667 0.633333)
(-0.002 0.733333 0.633333)
(0.002 0.733333 0.633333)
(-0.002 0.77 0.633333)
(0.002 0.77 0.633333)
(-0.002 0.806667 0.633333)
(0.002 0.806667 0.633333)
(-0.002 0.843333 0.633333)
(0.002 0.843333 0.633333)
(-0.002 0.88 0.633333)
(0.002 0.88 0.633333)
(-0.002 0.916667 0.633333)
(0.002 0.916667 0.633333)
(-0.002 0.953333 0.633333)
(0.002 0.953333 0.633333)
(-0.002 0.99 0.633333)
(0.002 0.99 0.633333)
(-0.002 0 0.666667)
(0.002 0 0.666667)
(-0.002 0.0366667 0.666667)
(0.002 0.0366667 0.666667)
(-0.002 0.0733333 0.666667)
(0.002 0.0733333 0.666667)
(-0.002 0.11 0.666667)
(0.002 0.11 0.666667)
(-0.002 0.146667 0.666667)
(0.002 0.146667 0.666667)
(-0.002 0.183333 0.666667)
(0.002 0.183333 0.666667)
(-0.002 0.22 0.666667)
(0.002 0.22 0.666667)
(-0.002 0.256667 0.666667)
(0.002 0.256667 0.666667)
(-0.002 0.293333 0.666667)
(0.002 0.293333 0.666667)
(-0.002 0.33 0.666667)
(0.002 0.33 0.666667)
(-0.002 0.366667 0.666667)
(0.002 0.366667 0.666667)
(-0.002 0.403333 0.666667)
(0.002 0.403333 0.666667)
(-0.002 0.44 0.666667)
(0.002 0.44 0.666667)
(-0.002 0.476667 0.666667)
(0.002 0.476667 0.666667)
(-0.002 0.513333 0.666667)
(0.002 0.513333 0.666667)
(-0.002 0.55 0.666667)
(0.002 0.55 0.666667)
(-0.002 0.586667 0.666667)
(0.002 0.586667 0.666667)
(-0.002 0.623333 0.666667)
(0.002 0.623333 0.666667)
(-0.002 0.66 0.666667)
(0.002 0.66 0.666667)
(-0.002 0.696667 0.666667)
(0.002 0.696667 0.666667)
(-0.002 0.733333 0.666667)
(0.002 0.733333 0.666667)
(-0.002 0.77 0.666667)
(0.002 0.77 0.666667)
(-0.002 0.806667 0.666667)
(0.002 0.806667 0.666667)
(-0.002 0.843333 0.666667)
(0.002 0.843333 0.666667)
(-0.002 0.88 0.666667)
(0.002 0.88 0.666667)
(-0.002 0.916667 0.666667)
(0.002 0.916667 0.666667)
(-0.002 0.953333 0.666667)
(0.002 0.953333 0.666667)
(-0.002 0.99 0.666667)
(0.002 0.99 0.666667)
(-0.002 0 0.7)
(0.002 0 0.7)
(-0.002 0.0366667 0.7)
(0.002 0.0366667 0.7)
(-0.002 0.0733333 0.7)
(0.002 0.0733333 0.7)
(-0.002 0.11 0.7)
(0.002 0.11 0.7)
(-0.002 0.146667 0.7)
(0.002 0.146667 0.7)
(-0.002 0.183333 0.7)
(0.002 0.183333 0.7)
(-0.002 0.22 0.7)
(0.002 0.22 0.7)
(-0.002 0.256667 0.7)
(0.002 0.256667 0.7)
(-0.002 0.293333 0.7)
(0.002 0.293333 0.7)
(-0.002 0.33 0.7)
(0.002 0.33 0.7)
(-0.002 0.366667 0.7)
(0.002 0.366667 0.7)
(-0.002 0.403333 0.7)
(0.002 0.403333 0.7)
(-0.002 0.44 0.7)
(0.002 0.44 0.7)
(-0.002 0.476667 0.7)
(0.002 0.476667 0.7)
(-0.002 0.513333 0.7)
(0.002 0.513333 0.7)
(-0.002 0.55 0.7)
(0.002 0.55 0.7)
(-0.002 0.586667 0.7)
(0.002 0.586667 0.7)
(-0.002 0.623333 0.7)
(0.002 0.623333 0.7)
(-0.002 0.66 0.7)
(0.002 0.66 0.7)
(-0.002 0.696667 0.7)
(0.002 0.696667 0.7)
(-0.002 0.733333 0.7)
(0.002 0.733333 0.7)
(-0.002 0.77 0.7)
(0.002 0.77 0.7)
(-0.002 0.806667 0.7)
(0.002 0.806667 0.7)
(-0.002 0.843333 0.7)
(0.002 0.843333 0.7)
(-0.002 0.88 0.7)
(0.002 0.88 0.7)
(-0.002 0.916667 0.7)
(0.002 0.916667 0.7)
(-0.002 0.953333 0.7)
(0.002 0.953333 0.7)
(-0.002 0.99 0.7)
(0.002 0.99 0.7)
(-0.002 0 0.733333)
(0.002 0 0.733333)
(-0.002 0.0366667 0.733333)
(0.002 0.0366667 0.733333)
(-0.002 0.0733333 0.733333)
(0.002 0.0733333 0.733333)
(-0.002 0.11 0.733333)
(0.002 0.11 0.733333)
(-0.002 0.146667 0.733333)
(0.002 0.146667 0.733333)
(-0.002 0.183333 0.733333)
(0.002 0.183333 0.733333)
(-0.002 0.22 0.733333)
(0.002 0.22 0.733333)
(-0.002 0.256667 0.733333)
(0.002 0.256667 0.733333)
(-0.002 0.293333 0.733333)
(0.002 0.293333 0.733333)
(-0.002 0.33 0.733333)
(0.002 0.33 0.733333)
(-0.002 0.366667 0.733333)
(0.002 0.366667 0.733333)
(-0.002 0.403333 0.733333)
(0.002 0.403333 0.733333)
(-0.002 0.44 0.733333)
(0.002 0.44 0.733333)
(-0.002 0.476667 0.733333)
(0.002 0.476667 0.733333)
(-0.002 0.513333 0.733333)
(0.002 0.513333 0.733333)
(-0.002 0.55 0.733333)
(0.002 0.55 0.733333)
(-0.002 0.586667 0.733333)
(0.002 0.586667 0.733333)
(-0.002 0.623333 0.733333)
(0.002 0.623333 0.733333)
(-0.002 0.66 0.733333)
(0.002 0.66 0.733333)
(-0.002 0.696667 0.733333)
(0.002 0.696667 0.733333)
(-0.002 0.733333 0.733333)
(0.002 0.733333 0.733333)
(-0.002 0.77 0.733333)
(0.002 0.77 0.733333)
(-0.002 0.806667 0.733333)
(0.002 0.806667 0.733333)
(-0.002 0.843333 0.733333)
(0.002 0.843333 0.733333)
(-0.002 0.88 0.733333)
(0.002 0.88 0.733333)
(-0.002 0.916667 0.733333)
(0.002 0.916667 0.733333)
(-0.002 0.953333 0.733333)
(0.002 0.953333 0.733333)
(-0.002 0.99 0.733333)
(0.002 0.99 0.733333)
(-0.002 0 0.766667)
(0.002 0 0.766667)
(-0.002 0.0366667 0.766667)
(0.002 0.0366667 0.766667)
(-0.002 0.0733333 0.766667)
(0.002 0.0733333 0.766667)
(-0.002 0.11 0.766667)
(0.002 0.11 0.766667)
(-0.002 0.146667 0.766667)
(0.002 0.146667 0.766667)
(-0.002 0.183333 0.766667)
(0.002 0.183333 0.766667)
(-0.002 0.22 0.766667)
(0.002 0.22 0.766667)
(-0.002 0.256667 0.766667)
(0.002 0.256667 0.766667)
(-0.002 0.293333 0.766667)
(0.002 0.293333 0.766667)
(-0.002 0.33 0.766667)
(0.002 0.33 0.766667)
(-0.002 0.366667 0.766667)
(0.002 0.366667 0.766667)
(-0.002 0.403333 0.766667)
(0.002 0.403333 0.766667)
(-0.002 0.44 0.766667)
(0.002 0.44 0.766667)
(-0.002 0.476667 0.766667)
(0.002 0.476667 0.766667)
(-0.002 0.513333 0.766667)
(0.002 0.513333 0.766667)
(-0.002 0.55 0.766667)
(0.002 0.55 0.766667)
(-0.002 0.586667 0.766667)
(0.002 0.586667 0.766667)
(-0.002 0.623333 0.766667)
(0.002 0.623333 0.766667)
(-0.002 0.66 0.766667)
(0.002 0.66 0.766667)
(-0.002 0.696667 0.766667)
(0.002 0.696667 0.766667)
(-0.002 0.733333 0.766667)
(0.002 0.733333 0.766667)
(-0.002 0.77 0.766667)
(0.002 0.77 0.766667)
(-0.002 0.806667 0.766667)
(0.002 0.806667 0.766667)
(-0.002 0.843333 0.766667)
(0.002 0.843333 0.766667)
(-0.002 0.88 0.766667)
(0.002 0.88 0.766667)
(-0.002 0.916667 0.766667)
(0.002 0.916667 0.766667)
(-0.002 0.953333 0.766667)
(0.002 0.953333 0.766667)
(-0.002 0.99 0.766667)
(0.002 0.99 0.766667)
(-0.002 0 0.8)
(0.002 0 0.8)
(-0.002 0.0366667 0.8)
(0.002 0.0366667 0.8)
(-0.002 0.0733333 0.8)
(0.002 0.0733333 0.8)
(-0.002 0.11 0.8)
(0.002 0.11 0.8)
(-0.002 0.146667 0.8)
(0.002 0.146667 0.8)
(-0.002 0.183333 0.8)
(0.002 0.183333 0.8)
(-0.002 0.22 0.8)
(0.002 0.22 0.8)
(-0.002 0.256667 0.8)
(0.002 0.256667 0.8)
(-0.002 0.293333 0.8)
(0.002 0.293333 0.8)
(-0.002 0.33 0.8)
(0.002 0.33 0.8)
(-0.002 0.366667 0.8)
(0.002 0.366667 0.8)
(-0.002 0.403333 0.8)
(0.002 0.403333 0.8)
(-0.002 0.44 0.8)
(0.002 0.44 0.8)
(-0.002 0.476667 0.8)
(0.002 0.476667 0.8)
(-0.002 0.513333 0.8)
(0.002 0.513333 0.8)
(-0.002 0.55 0.8)
(0.002 0.55 0.8)
(-0.002 0.586667 0.8)
(0.002 0.586667 0.8)
(-0.002 0.623333 0.8)
(0.002 0.623333 0.8)
(-0.002 0.66 0.8)
(0.002 0.66 0.8)
(-0.002 0.696667 0.8)
(0.002 0.696667 0.8)
(-0.002 0.733333 0.8)
(0.002 0.733333 0.8)
(-0.002 0.77 0.8)
(0.002 0.77 0.8)
(-0.002 0.806667 0.8)
(0.002 0.806667 0.8)
(-0.002 0.843333 0.8)
(0.002 0.843333 0.8)
(-0.002 0.88 0.8)
(0.002 0.88 0.8)
(-0.002 0.916667 0.8)
(0.002 0.916667 0.8)
(-0.002 0.953333 0.8)
(0.002 0.953333 0.8)
(-0.002 0.99 0.8)
(0.002 0.99 0.8)
(-0.002 0 0.833333)
(0.002 0 0.833333)
(-0.002 0.0366667 0.833333)
(0.002 0.0366667 0.833333)
(-0.002 0.0733333 0.833333)
(0.002 0.0733333 0.833333)
(-0.002 0.11 0.833333)
(0.002 0.11 0.833333)
(-0.002 0.146667 0.833333)
(0.002 0.146667 0.833333)
(-0.002 0.183333 0.833333)
(0.002 0.183333 0.833333)
(-0.002 0.22 0.833333)
(0.002 0.22 0.833333)
(-0.002 0.256667 0.833333)
(0.002 0.256667 0.833333)
(-0.002 0.293333 0.833333)
(0.002 0.293333 0.833333)
(-0.002 0.33 0.833333)
(0.002 0.33 0.833333)
(-0.002 0.366667 0.833333)
(0.002 0.366667 0.833333)
(-0.002 0.403333 0.833333)
(0.002 0.403333 0.833333)
(-0.002 0.44 0.833333)
(0.002 0.44 0.833333)
(-0.002 0.476667 0.833333)
(0.002 0.476667 0.833333)
(-0.002 0.513333 0.833333)
(0.002 0.513333 0.833333)
(-0.002 0.55 0.833333)
(0.002 0.55 0.833333)
(-0.002 0.586667 0.833333)
(0.002 0.586667 0.833333)
(-0.002 0.623333 0.833333)
(0.002 0.623333 0.833333)
(-0.002 0.66 0.833333)
(0.002 0.66 0.833333)
(-0.002 0.696667 0.833333)
(0.002 0.696667 0.833333)
(-0.002 0.733333 0.833333)
(0.002 0.733333 0.833333)
(-0.002 0.77 0.833333)
(0.002 0.77 0.833333)
(-0.002 0.806667 0.833333)
(0.002 0.806667 0.833333)
(-0.002 0.843333 0.833333)
(0.002 0.843333 0.833333)
(-0.002 0.88 0.833333)
(0.002 0.88 0.833333)
(-0.002 0.916667 0.833333)
(0.002 0.916667 0.833333)
(-0.002 0.953333 0.833333)
(0.002 0.953333 0.833333)
(-0.002 0.99 0.833333)
(0.002 0.99 0.833333)
(-0.002 0 0.866667)
(0.002 0 0.866667)
(-0.002 0.0366667 0.866667)
(0.002 0.0366667 0.866667)
(-0.002 0.0733333 0.866667)
(0.002 0.0733333 0.866667)
(-0.002 0.11 0.866667)
(0.002 0.11 0.866667)
(-0.002 0.146667 0.866667)
(0.002 0.146667 0.866667)
(-0.002 0.183333 0.866667)
(0.002 0.183333 0.866667)
(-0.002 0.22 0.866667)
(0.002 0.22 0.866667)
(-0.002 0.256667 0.866667)
(0.002 0.256667 0.866667)
(-0.002 0.293333 0.866667)
(0.002 0.293333 0.866667)
(-0.002 0.33 0.866667)
(0.002 0.33 0.866667)
(-0.002 0.366667 0.866667)
(0.002 0.366667 0.866667)
(-0.002 0.403333 0.866667)
(0.002 0.403333 0.866667)
(-0.002 0.44 0.866667)
(0.002 0.44 0.866667)
(-0.002 0.476667 0.866667)
(0.002 0.476667 0.866667)
(-0.002 0.513333 0.866667)
(0.002 0.513333 0.866667)
(-0.002 0.55 0.866667)
(0.002 0.55 0.866667)
(-0.002 0.586667 0.866667)
(0.002 0.586667 0.866667)
(-0.002 0.623333 0.866667)
(0.002 0.623333 0.866667)
(-0.002 0.66 0.866667)
(0.002 0.66 0.866667)
(-0.002 0.696667 0.866667)
(0.002 0.696667 0.866667)
(-0.002 0.733333 0.866667)
(0.002 0.733333 0.866667)
(-0.002 0.77 0.866667)
(0.002 0.77 0.866667)
(-0.002 0.806667 0.866667)
(0.002 0.806667 0.866667)
(-0.002 0.843333 0.866667)
(0.002 0.843333 0.866667)
(-0.002 0.88 0.866667)
(0.002 0.88 0.866667)
(-0.002 0.916667 0.866667)
(0.002 0.916667 0.866667)
(-0.002 0.953333 0.866667)
(0.002 0.953333 0.866667)
(-0.002 0.99 0.866667)
(0.002 0.99 0.866667)
(-0.002 0 0.9)
(0.002 0 0.9)
(-0.002 0.0366667 0.9)
(0.002 0.0366667 0.9)
(-0.002 0.0733333 0.9)
(0.002 0.0733333 0.9)
(-0.002 0.11 0.9)
(0.002 0.11 0.9)
(-0.002 0.146667 0.9)
(0.002 0.146667 0.9)
(-0.002 0.183333 0.9)
(0.002 0.183333 0.9)
(-0.002 0.22 0.9)
(0.002 0.22 0.9)
(-0.002 0.256667 0.9)
(0.002 0.256667 0.9)
(-0.002 0.293333 0.9)
(0.002 0.293333 0.9)
(-0.002 0.33 0.9)
(0.002 0.33 0.9)
(-0.002 0.366667 0.9)
(0.002 0.366667 0.9)
(-0.002 0.403333 0.9)
(0.002 0.403333 0.9)
(-0.002 0.44 0.9)
(0.002 0.44 0.9)
(-0.002 0.476667 0.9)
(0.002 0.476667 0.9)
(-0.002 0.513333 0.9)
(0.002 0.513333 0.9)
(-0.002 0.55 0.9)
(0.002 0.55 0.9)
(-0.002 0.586667 0.9)
(0.002 0.586667 0.9)
(-0.002 0.623333 0.9)
(0.002 0.623333 0.9)
(-0.002 0.66 0.9)
(0.002 0.66 0.9)
(-0.002 0.696667 0.9)
(0.002 0.696667 0.9)
(-0.002 0.733333 0.9)
(0.002 0.733333 0.9)
(-0.002 0.77 0.9)
(0.002 0.77 0.9)
(-0.002 0.806667 0.9)
(0.002 0.806667 0.9)
(-0.002 0.843333 0.9)
(0.002 0.843333 0.9)
(-0.002 0.88 0.9)
(0.002 0.88 0.9)
(-0.002 0.916667 0.9)
(0.002 0.916667 0.9)
(-0.002 0.953333 0.9)
(0.002 0.953333 0.9)
(-0.002 0.99 0.9)
(0.002 0.99 0.9)
(-0.002 0 0.933333)
(0.002 0 0.933333)
(-0.002 0.0366667 0.933333)
(0.002 0.0366667 0.933333)
(-0.002 0.0733333 0.933333)
(0.002 0.0733333 0.933333)
(-0.002 0.11 0.933333)
(0.002 0.11 0.933333)
(-0.002 0.146667 0.933333)
(0.002 0.146667 0.933333)
(-0.002 0.183333 0.933333)
(0.002 0.183333 0.933333)
(-0.002 0.22 0.933333)
(0.002 0.22 0.933333)
(-0.002 0.256667 0.933333)
(0.002 0.256667 0.933333)
(-0.002 0.293333 0.933333)
(0.002 0.293333 0.933333)
(-0.002 0.33 0.933333)
(0.002 0.33 0.933333)
(-0.002 0.366667 0.933333)
(0.002 0.366667 0.933333)
(-0.002 0.403333 0.933333)
(0.002 0.403333 0.933333)
(-0.002 0.44 0.933333)
(0.002 0.44 0.933333)
(-0.002 0.476667 0.933333)
(0.002 0.476667 0.933333)
(-0.002 0.513333 0.933333)
(0.002 0.513333 0.933333)
(-0.002 0.55 0.933333)
(0.002 0.55 0.933333)
(-0.002 0.586667 0.933333)
(0.002 0.586667 0.933333)
(-0.002 0.623333 0.933333)
(0.002 0.623333 0.933333)
(-0.002 0.66 0.933333)
(0.002 0.66 0.933333)
(-0.002 0.696667 0.933333)
(0.002 0.696667 0.933333)
(-0.002 0.733333 0.933333)
(0.002 0.733333 0.933333)
(-0.002 0.77 0.933333)
(0.002 0.77 0.933333)
(-0.002 0.806667 0.933333)
(0.002 0.806667 0.933333)
(-0.002 0.843333 0.933333)
(0.002 0.843333 0.933333)
(-0.002 0.88 0.933333)
(0.002 0.88 0.933333)
(-0.002 0.916667 0.933333)
(0.002 0.916667 0.933333)
(-0.002 0.953333 0.933333)
(0.002 0.953333 0.933333)
(-0.002 0.99 0.933333)
(0.002 0.99 0.933333)
(-0.002 0 0.966667)
(0.002 0 0.966667)
(-0.002 0.0366667 0.966667)
(0.002 0.0366667 0.966667)
(-0.002 0.0733333 0.966667)
(0.002 0.0733333 0.966667)
(-0.002 0.11 0.966667)
(0.002 0.11 0.966667)
(-0.002 0.146667 0.966667)
(0.002 0.146667 0.966667)
(-0.002 0.183333 0.966667)
(0.002 0.183333 0.966667)
(-0.002 0.22 0.966667)
(0.002 0.22 0.966667)
(-0.002 0.256667 0.966667)
(0.002 0.256667 0.966667)
(-0.002 0.293333 0.966667)
(0.002 0.293333 0.966667)
(-0.002 0.33 0.966667)
(0.002 0.33 0.966667)
(-0.002 0.366667 0.966667)
(0.002 0.366667 0.966667)
(-0.002 0.403333 0.966667)
(0.002 0.403333 0.966667)
(-0.002 0.44 0.966667)
(0.002 0.44 0.966667)
(-0.002 0.476667 0.966667)
(0.002 0.476667 0.966667)
(-0.002 0.513333 0.966667)
(0.002 0.513333 0.966667)
(-0.002 0.55 0.966667)
(0.002 0.55 0.966667)
(-0.002 0.586667 0.966667)
(0.002 0.586667 0.966667)
(-0.002 0.623333 0.966667)
(0.002 0.623333 0.966667)
(-0.002 0.66 0.966667)
(0.002 0.66 0.966667)
(-0.002 0.696667 0.966667)
(0.002 0.696667 0.966667)
(-0.002 0.733333 0.966667)
(0.002 0.733333 0.966667)
(-0.002 0.77 0.966667)
(0.002 0.77 0.966667)
(-0.002 0.806667 0.966667)
(0.002 0.806667 0.966667)
(-0.002 0.843333 0.966667)
(0.002 0.843333 0.966667)
(-0.002 0.88 0.966667)
(0.002 0.88 0.966667)
(-0.002 0.916667 0.966667)
(0.002 0.916667 0.966667)
(-0.002 0.953333 0.966667)
(0.002 0.953333 0.966667)
(-0.002 0.99 0.966667)
(0.002 0.99 0.966667)
(-0.002 0 1)
(0.002 0 1)
(-0.002 0.0366667 1)
(0.002 0.0366667 1)
(-0.002 0.0733333 1)
(0.002 0.0733333 1)
(-0.002 0.11 1)
(0.002 0.11 1)
(-0.002 0.146667 1)
(0.002 0.146667 1)
(-0.002 0.183333 1)
(0.002 0.183333 1)
(-0.002 0.22 1)
(0.002 0.22 1)
(-0.002 0.256667 1)
(0.002 0.256667 1)
(-0.002 0.293333 1)
(0.002 0.293333 1)
(-0.002 0.33 1)
(0.002 0.33 1)
(-0.002 0.366667 1)
(0.002 0.366667 1)
(-0.002 0.403333 1)
(0.002 0.403333 1)
(-0.002 0.44 1)
(0.002 0.44 1)
(-0.002 0.476667 1)
(0.002 0.476667 1)
(-0.002 0.513333 1)
(0.002 0.513333 1)
(-0.002 0.55 1)
(0.002 0.55 1)
(-0.002 0.586667 1)
(0.002 0.586667 1)
(-0.002 0.623333 1)
(0.002 0.623333 1)
(-0.002 0.66 1)
(0.002 0.66 1)
(-0.002 0.696667 1)
(0.002 0.696667 1)
(-0.002 0.733333 1)
(0.002 0.733333 1)
(-0.002 0.77 1)
(0.002 0.77 1)
(-0.002 0.806667 1)
(0.002 0.806667 1)
(-0.002 0.843333 1)
(0.002 0.843333 1)
(-0.002 0.88 1)
(0.002 0.88 1)
(-0.002 0.916667 1)
(0.002 0.916667 1)
(-0.002 0.953333 1)
(0.002 0.953333 1)
(-0.002 0.99 1)
(0.002 0.99 1)
)


// ************************************************************************* //
