/*--------------------------------*- C++ -*----------------------------------*\
| =========                 |                                                 |
| \\      /  F ield         | OpenFOAM: The Open Source CFD Toolbox           |
|  \\    /   O peration     | Version:  2412                                  |
|   \\  /    A nd           | Website:  www.openfoam.com                      |
|    \\/     M anipulation  |                                                 |
\*---------------------------------------------------------------------------*/
FoamFile
{
    version     2.0;
    format      ascii;
    arch        "LSB;label=32;scalar=64";
    class       faceList;
    location    "constant/domain1/polyMesh";
    object      faces;
}
// * * * * * * * * * * * * * * * * * * * * * * * * * * * * * * * * * * * * * //


393
(
4(2 10 11 3)
4(8 9 11 10)
4(4 12 13 5)
4(10 11 13 12)
4(12 13 15 14)
4(10 18 19 11)
4(16 17 19 18)
4(12 20 21 13)
4(18 19 21 20)
4(20 21 23 22)
4(18 26 27 19)
4(24 25 27 26)
4(20 28 29 21)
4(26 27 29 28)
4(28 29 31 30)
4(26 34 35 27)
4(32 33 35 34)
4(28 36 37 29)
4(34 35 37 36)
4(36 37 39 38)
4(34 42 43 35)
4(40 41 43 42)
4(36 44 45 37)
4(42 43 45 44)
4(44 45 47 46)
4(42 50 51 43)
4(48 49 51 50)
4(44 52 53 45)
4(50 51 53 52)
4(52 53 55 54)
4(50 58 59 51)
4(56 57 59 58)
4(52 60 61 53)
4(58 59 61 60)
4(60 61 63 62)
4(58 66 67 59)
4(64 65 67 66)
4(60 68 69 61)
4(66 67 69 68)
4(68 69 71 70)
4(66 74 75 67)
4(72 73 75 74)
4(68 76 77 69)
4(74 75 77 76)
4(76 77 79 78)
4(74 82 83 75)
4(80 81 83 82)
4(76 84 85 77)
4(82 83 85 84)
4(84 85 87 86)
4(82 90 91 83)
4(88 89 91 90)
4(84 92 93 85)
4(90 91 93 92)
4(92 93 95 94)
4(90 98 99 91)
4(96 97 99 98)
4(92 100 101 93)
4(98 99 101 100)
4(100 101 103 102)
4(98 106 107 99)
4(104 105 107 106)
4(100 108 109 101)
4(106 107 109 108)
4(108 109 111 110)
4(106 114 115 107)
4(112 113 115 114)
4(108 116 117 109)
4(114 115 117 116)
4(116 117 119 118)
4(114 122 123 115)
4(120 121 123 122)
4(116 124 125 117)
4(122 123 125 124)
4(124 125 127 126)
4(122 130 131 123)
4(128 129 131 130)
4(124 132 133 125)
4(130 131 133 132)
4(132 133 135 134)
4(130 138 139 131)
4(136 137 139 138)
4(132 140 141 133)
4(138 139 141 140)
4(140 141 143 142)
4(138 146 147 139)
4(144 145 147 146)
4(140 148 149 141)
4(146 147 149 148)
4(148 149 151 150)
4(146 154 155 147)
4(152 153 155 154)
4(148 156 157 149)
4(154 155 157 156)
4(156 157 159 158)
4(154 162 163 155)
4(160 161 163 162)
4(156 164 165 157)
4(162 163 165 164)
4(164 165 167 166)
4(162 170 171 163)
4(168 169 171 170)
4(164 172 173 165)
4(170 171 173 172)
4(172 173 175 174)
4(170 178 179 171)
4(176 177 179 178)
4(172 180 181 173)
4(178 179 181 180)
4(180 181 183 182)
4(178 186 187 179)
4(184 185 187 186)
4(180 188 189 181)
4(186 187 189 188)
4(188 189 191 190)
4(186 194 195 187)
4(192 193 195 194)
4(188 196 197 189)
4(194 195 197 196)
4(196 197 199 198)
4(194 202 203 195)
4(200 201 203 202)
4(196 204 205 197)
4(202 203 205 204)
4(204 205 207 206)
4(202 210 211 203)
4(208 209 211 210)
4(204 212 213 205)
4(210 211 213 212)
4(212 213 215 214)
4(210 218 219 211)
4(216 217 219 218)
4(212 220 221 213)
4(218 219 221 220)
4(220 221 223 222)
4(218 226 227 219)
4(224 225 227 226)
4(220 228 229 221)
4(226 227 229 228)
4(228 229 231 230)
4(226 234 235 227)
4(232 233 235 234)
4(228 236 237 229)
4(234 235 237 236)
4(236 237 239 238)
4(234 242 243 235)
4(236 244 245 237)
4(6 14 15 7)
4(14 22 23 15)
4(22 30 31 23)
4(30 38 39 31)
4(38 46 47 39)
4(46 54 55 47)
4(54 62 63 55)
4(62 70 71 63)
4(70 78 79 71)
4(78 86 87 79)
4(86 94 95 87)
4(94 102 103 95)
4(102 110 111 103)
4(110 118 119 111)
4(118 126 127 119)
4(126 134 135 127)
4(134 142 143 135)
4(142 150 151 143)
4(150 158 159 151)
4(158 166 167 159)
4(166 174 175 167)
4(174 182 183 175)
4(182 190 191 183)
4(190 198 199 191)
4(198 206 207 199)
4(206 214 215 207)
4(214 222 223 215)
4(222 230 231 223)
4(230 238 239 231)
4(238 246 247 239)
4(0 2 3 1)
4(2 4 5 3)
4(4 6 7 5)
4(240 241 243 242)
4(242 243 245 244)
4(244 245 247 246)
4(0 8 10 2)
4(2 10 12 4)
4(4 12 14 6)
4(8 16 18 10)
4(10 18 20 12)
4(12 20 22 14)
4(16 24 26 18)
4(18 26 28 20)
4(20 28 30 22)
4(24 32 34 26)
4(26 34 36 28)
4(28 36 38 30)
4(32 40 42 34)
4(34 42 44 36)
4(36 44 46 38)
4(40 48 50 42)
4(42 50 52 44)
4(44 52 54 46)
4(48 56 58 50)
4(50 58 60 52)
4(52 60 62 54)
4(56 64 66 58)
4(58 66 68 60)
4(60 68 70 62)
4(64 72 74 66)
4(66 74 76 68)
4(68 76 78 70)
4(72 80 82 74)
4(74 82 84 76)
4(76 84 86 78)
4(80 88 90 82)
4(82 90 92 84)
4(84 92 94 86)
4(88 96 98 90)
4(90 98 100 92)
4(92 100 102 94)
4(96 104 106 98)
4(98 106 108 100)
4(100 108 110 102)
4(104 112 114 106)
4(106 114 116 108)
4(108 116 118 110)
4(112 120 122 114)
4(114 122 124 116)
4(116 124 126 118)
4(120 128 130 122)
4(122 130 132 124)
4(124 132 134 126)
4(128 136 138 130)
4(130 138 140 132)
4(132 140 142 134)
4(136 144 146 138)
4(138 146 148 140)
4(140 148 150 142)
4(144 152 154 146)
4(146 154 156 148)
4(148 156 158 150)
4(152 160 162 154)
4(154 162 164 156)
4(156 164 166 158)
4(160 168 170 162)
4(162 170 172 164)
4(164 172 174 166)
4(168 176 178 170)
4(170 178 180 172)
4(172 180 182 174)
4(176 184 186 178)
4(178 186 188 180)
4(180 188 190 182)
4(184 192 194 186)
4(186 194 196 188)
4(188 196 198 190)
4(192 200 202 194)
4(194 202 204 196)
4(196 204 206 198)
4(200 208 210 202)
4(202 210 212 204)
4(204 212 214 206)
4(208 216 218 210)
4(210 218 220 212)
4(212 220 222 214)
4(216 224 226 218)
4(218 226 228 220)
4(220 228 230 222)
4(224 232 234 226)
4(226 234 236 228)
4(228 236 238 230)
4(232 240 242 234)
4(234 242 244 236)
4(236 244 246 238)
4(1 3 11 9)
4(3 5 13 11)
4(5 7 15 13)
4(9 11 19 17)
4(11 13 21 19)
4(13 15 23 21)
4(17 19 27 25)
4(19 21 29 27)
4(21 23 31 29)
4(25 27 35 33)
4(27 29 37 35)
4(29 31 39 37)
4(33 35 43 41)
4(35 37 45 43)
4(37 39 47 45)
4(41 43 51 49)
4(43 45 53 51)
4(45 47 55 53)
4(49 51 59 57)
4(51 53 61 59)
4(53 55 63 61)
4(57 59 67 65)
4(59 61 69 67)
4(61 63 71 69)
4(65 67 75 73)
4(67 69 77 75)
4(69 71 79 77)
4(73 75 83 81)
4(75 77 85 83)
4(77 79 87 85)
4(81 83 91 89)
4(83 85 93 91)
4(85 87 95 93)
4(89 91 99 97)
4(91 93 101 99)
4(93 95 103 101)
4(97 99 107 105)
4(99 101 109 107)
4(101 103 111 109)
4(105 107 115 113)
4(107 109 117 115)
4(109 111 119 117)
4(113 115 123 121)
4(115 117 125 123)
4(117 119 127 125)
4(121 123 131 129)
4(123 125 133 131)
4(125 127 135 133)
4(129 131 139 137)
4(131 133 141 139)
4(133 135 143 141)
4(137 139 147 145)
4(139 141 149 147)
4(141 143 151 149)
4(145 147 155 153)
4(147 149 157 155)
4(149 151 159 157)
4(153 155 163 161)
4(155 157 165 163)
4(157 159 167 165)
4(161 163 171 169)
4(163 165 173 171)
4(165 167 175 173)
4(169 171 179 177)
4(171 173 181 179)
4(173 175 183 181)
4(177 179 187 185)
4(179 181 189 187)
4(181 183 191 189)
4(185 187 195 193)
4(187 189 197 195)
4(189 191 199 197)
4(193 195 203 201)
4(195 197 205 203)
4(197 199 207 205)
4(201 203 211 209)
4(203 205 213 211)
4(205 207 215 213)
4(209 211 219 217)
4(211 213 221 219)
4(213 215 223 221)
4(217 219 227 225)
4(219 221 229 227)
4(221 223 231 229)
4(225 227 235 233)
4(227 229 237 235)
4(229 231 239 237)
4(233 235 243 241)
4(235 237 245 243)
4(237 239 247 245)
4(0 1 9 8)
4(8 9 17 16)
4(16 17 25 24)
4(24 25 33 32)
4(32 33 41 40)
4(40 41 49 48)
4(48 49 57 56)
4(56 57 65 64)
4(64 65 73 72)
4(72 73 81 80)
4(80 81 89 88)
4(88 89 97 96)
4(96 97 105 104)
4(104 105 113 112)
4(112 113 121 120)
4(120 121 129 128)
4(128 129 137 136)
4(136 137 145 144)
4(144 145 153 152)
4(152 153 161 160)
4(160 161 169 168)
4(168 169 177 176)
4(176 177 185 184)
4(184 185 193 192)
4(192 193 201 200)
4(200 201 209 208)
4(208 209 217 216)
4(216 217 225 224)
4(224 225 233 232)
4(232 233 241 240)
)


// ************************************************************************* //
