/*--------------------------------*- C++ -*----------------------------------*\
| =========                 |                                                 |
| \\      /  F ield         | OpenFOAM: The Open Source CFD Toolbox           |
|  \\    /   O peration     | Version:  2412                                  |
|   \\  /    A nd           | Website:  www.openfoam.com                      |
|    \\/     M anipulation  |                                                 |
\*---------------------------------------------------------------------------*/
FoamFile
{
    version     2.0;
    format      ascii;
    arch        "LSB;label=32;scalar=64";
    class       labelList;
    location    "constant/domain1/polyMesh";
    object      faceRegionAddressing;
}
// * * * * * * * * * * * * * * * * * * * * * * * * * * * * * * * * * * * * * //


393
(
55
56
57
58
59
114
115
116
117
118
173
174
175
176
177
232
233
234
235
236
291
292
293
294
295
350
351
352
353
354
409
410
411
412
413
468
469
470
471
472
527
528
529
530
531
586
587
588
589
590
645
646
647
648
649
704
705
706
707
708
763
764
765
766
767
822
823
824
825
826
881
882
883
884
885
940
941
942
943
944
999
1000
1001
1002
1003
1058
1059
1060
1061
1062
1117
1118
1119
1120
1121
1176
1177
1178
1179
1180
1235
1236
1237
1238
1239
1294
1295
1296
1297
1298
1353
1354
1355
1356
1357
1412
1413
1414
1415
1416
1471
1472
1473
1474
1475
1530
1531
1532
1533
1534
1589
1590
1591
1592
1593
1648
1649
1650
1651
1652
1707
1708
1709
1710
1711
1739
1740
1741
1742
1743
1744
1745
1746
1747
1748
1749
1750
1751
1752
1753
1754
1755
1756
1757
1758
1759
1760
1761
1762
1763
1764
1765
1766
1767
1768
1769
1770
1828
1829
1830
1858
1859
1860
1888
1889
1890
1918
1919
1920
1948
1949
1950
1978
1979
1980
2008
2009
2010
2038
2039
2040
2068
2069
2070
2098
2099
2100
2128
2129
2130
2158
2159
2160
2188
2189
2190
2218
2219
2220
2248
2249
2250
2278
2279
2280
2308
2309
2310
2338
2339
2340
2368
2369
2370
2398
2399
2400
2428
2429
2430
2458
2459
2460
2488
2489
2490
2518
2519
2520
2548
2549
2550
2578
2579
2580
2608
2609
2610
2638
2639
2640
2668
2669
2670
2698
2699
2700
2728
2729
2730
2758
2759
2760
2788
2789
2790
2818
2819
2820
2848
2849
2850
2878
2879
2880
2908
2909
2910
2938
2939
2940
2968
2969
2970
2998
2999
3000
3028
3029
3030
3058
3059
3060
3088
3089
3090
3118
3119
3120
3148
3149
3150
3178
3179
3180
3208
3209
3210
3238
3239
3240
3268
3269
3270
3298
3299
3300
3328
3329
3330
3358
3359
3360
3388
3389
3390
3418
3419
3420
3448
3449
3450
3478
3479
3480
3508
3509
3510
3538
3539
3540
3568
3569
3570
3598
3599
3600
3628
3629
3630
3658
3659
3660
-53
-112
-171
-230
-289
-348
-407
-466
-525
-584
-643
-702
-761
-820
-879
-938
-997
-1056
-1115
-1174
-1233
-1292
-1351
-1410
-1469
-1528
-1587
-1646
-1705
-1738
)


// ************************************************************************* //
