/*--------------------------------*- C++ -*----------------------------------*\
| =========                 |                                                 |
| \\      /  F ield         | OpenFOAM: The Open Source CFD Toolbox           |
|  \\    /   O peration     | Version:  2412                                  |
|   \\  /    A nd           | Website:  www.openfoam.com                      |
|    \\/     M anipulation  |                                                 |
\*---------------------------------------------------------------------------*/
FoamFile
{
    version     2.0;
    format      ascii;
    arch        "LSB;label=32;scalar=64";
    class       vectorField;
    location    "constant/domain1/polyMesh";
    object      points;
}
// * * * * * * * * * * * * * * * * * * * * * * * * * * * * * * * * * * * * * //


248
(
(-0.002 0.99 0)
(0.002 0.99 0)
(-0.002 1.02667 0)
(0.002 1.02667 0)
(-0.002 1.06333 0)
(0.002 1.06333 0)
(-0.002 1.1 0)
(0.002 1.1 0)
(-0.002 0.99 0.0333333)
(0.002 0.99 0.0333333)
(-0.002 1.02667 0.0333333)
(0.002 1.02667 0.0333333)
(-0.002 1.06333 0.0333333)
(0.002 1.06333 0.0333333)
(-0.002 1.1 0.0333333)
(0.002 1.1 0.0333333)
(-0.002 0.99 0.0666667)
(0.002 0.99 0.0666667)
(-0.002 1.02667 0.0666667)
(0.002 1.02667 0.0666667)
(-0.002 1.06333 0.0666667)
(0.002 1.06333 0.0666667)
(-0.002 1.1 0.0666667)
(0.002 1.1 0.0666667)
(-0.002 0.99 0.1)
(0.002 0.99 0.1)
(-0.002 1.02667 0.1)
(0.002 1.02667 0.1)
(-0.002 1.06333 0.1)
(0.002 1.06333 0.1)
(-0.002 1.1 0.1)
(0.002 1.1 0.1)
(-0.002 0.99 0.133333)
(0.002 0.99 0.133333)
(-0.002 1.02667 0.133333)
(0.002 1.02667 0.133333)
(-0.002 1.06333 0.133333)
(0.002 1.06333 0.133333)
(-0.002 1.1 0.133333)
(0.002 1.1 0.133333)
(-0.002 0.99 0.166667)
(0.002 0.99 0.166667)
(-0.002 1.02667 0.166667)
(0.002 1.02667 0.166667)
(-0.002 1.06333 0.166667)
(0.002 1.06333 0.166667)
(-0.002 1.1 0.166667)
(0.002 1.1 0.166667)
(-0.002 0.99 0.2)
(0.002 0.99 0.2)
(-0.002 1.02667 0.2)
(0.002 1.02667 0.2)
(-0.002 1.06333 0.2)
(0.002 1.06333 0.2)
(-0.002 1.1 0.2)
(0.002 1.1 0.2)
(-0.002 0.99 0.233333)
(0.002 0.99 0.233333)
(-0.002 1.02667 0.233333)
(0.002 1.02667 0.233333)
(-0.002 1.06333 0.233333)
(0.002 1.06333 0.233333)
(-0.002 1.1 0.233333)
(0.002 1.1 0.233333)
(-0.002 0.99 0.266667)
(0.002 0.99 0.266667)
(-0.002 1.02667 0.266667)
(0.002 1.02667 0.266667)
(-0.002 1.06333 0.266667)
(0.002 1.06333 0.266667)
(-0.002 1.1 0.266667)
(0.002 1.1 0.266667)
(-0.002 0.99 0.3)
(0.002 0.99 0.3)
(-0.002 1.02667 0.3)
(0.002 1.02667 0.3)
(-0.002 1.06333 0.3)
(0.002 1.06333 0.3)
(-0.002 1.1 0.3)
(0.002 1.1 0.3)
(-0.002 0.99 0.333333)
(0.002 0.99 0.333333)
(-0.002 1.02667 0.333333)
(0.002 1.02667 0.333333)
(-0.002 1.06333 0.333333)
(0.002 1.06333 0.333333)
(-0.002 1.1 0.333333)
(0.002 1.1 0.333333)
(-0.002 0.99 0.366667)
(0.002 0.99 0.366667)
(-0.002 1.02667 0.366667)
(0.002 1.02667 0.366667)
(-0.002 1.06333 0.366667)
(0.002 1.06333 0.366667)
(-0.002 1.1 0.366667)
(0.002 1.1 0.366667)
(-0.002 0.99 0.4)
(0.002 0.99 0.4)
(-0.002 1.02667 0.4)
(0.002 1.02667 0.4)
(-0.002 1.06333 0.4)
(0.002 1.06333 0.4)
(-0.002 1.1 0.4)
(0.002 1.1 0.4)
(-0.002 0.99 0.433333)
(0.002 0.99 0.433333)
(-0.002 1.02667 0.433333)
(0.002 1.02667 0.433333)
(-0.002 1.06333 0.433333)
(0.002 1.06333 0.433333)
(-0.002 1.1 0.433333)
(0.002 1.1 0.433333)
(-0.002 0.99 0.466667)
(0.002 0.99 0.466667)
(-0.002 1.02667 0.466667)
(0.002 1.02667 0.466667)
(-0.002 1.06333 0.466667)
(0.002 1.06333 0.466667)
(-0.002 1.1 0.466667)
(0.002 1.1 0.466667)
(-0.002 0.99 0.5)
(0.002 0.99 0.5)
(-0.002 1.02667 0.5)
(0.002 1.02667 0.5)
(-0.002 1.06333 0.5)
(0.002 1.06333 0.5)
(-0.002 1.1 0.5)
(0.002 1.1 0.5)
(-0.002 0.99 0.533333)
(0.002 0.99 0.533333)
(-0.002 1.02667 0.533333)
(0.002 1.02667 0.533333)
(-0.002 1.06333 0.533333)
(0.002 1.06333 0.533333)
(-0.002 1.1 0.533333)
(0.002 1.1 0.533333)
(-0.002 0.99 0.566667)
(0.002 0.99 0.566667)
(-0.002 1.02667 0.566667)
(0.002 1.02667 0.566667)
(-0.002 1.06333 0.566667)
(0.002 1.06333 0.566667)
(-0.002 1.1 0.566667)
(0.002 1.1 0.566667)
(-0.002 0.99 0.6)
(0.002 0.99 0.6)
(-0.002 1.02667 0.6)
(0.002 1.02667 0.6)
(-0.002 1.06333 0.6)
(0.002 1.06333 0.6)
(-0.002 1.1 0.6)
(0.002 1.1 0.6)
(-0.002 0.99 0.633333)
(0.002 0.99 0.633333)
(-0.002 1.02667 0.633333)
(0.002 1.02667 0.633333)
(-0.002 1.06333 0.633333)
(0.002 1.06333 0.633333)
(-0.002 1.1 0.633333)
(0.002 1.1 0.633333)
(-0.002 0.99 0.666667)
(0.002 0.99 0.666667)
(-0.002 1.02667 0.666667)
(0.002 1.02667 0.666667)
(-0.002 1.06333 0.666667)
(0.002 1.06333 0.666667)
(-0.002 1.1 0.666667)
(0.002 1.1 0.666667)
(-0.002 0.99 0.7)
(0.002 0.99 0.7)
(-0.002 1.02667 0.7)
(0.002 1.02667 0.7)
(-0.002 1.06333 0.7)
(0.002 1.06333 0.7)
(-0.002 1.1 0.7)
(0.002 1.1 0.7)
(-0.002 0.99 0.733333)
(0.002 0.99 0.733333)
(-0.002 1.02667 0.733333)
(0.002 1.02667 0.733333)
(-0.002 1.06333 0.733333)
(0.002 1.06333 0.733333)
(-0.002 1.1 0.733333)
(0.002 1.1 0.733333)
(-0.002 0.99 0.766667)
(0.002 0.99 0.766667)
(-0.002 1.02667 0.766667)
(0.002 1.02667 0.766667)
(-0.002 1.06333 0.766667)
(0.002 1.06333 0.766667)
(-0.002 1.1 0.766667)
(0.002 1.1 0.766667)
(-0.002 0.99 0.8)
(0.002 0.99 0.8)
(-0.002 1.02667 0.8)
(0.002 1.02667 0.8)
(-0.002 1.06333 0.8)
(0.002 1.06333 0.8)
(-0.002 1.1 0.8)
(0.002 1.1 0.8)
(-0.002 0.99 0.833333)
(0.002 0.99 0.833333)
(-0.002 1.02667 0.833333)
(0.002 1.02667 0.833333)
(-0.002 1.06333 0.833333)
(0.002 1.06333 0.833333)
(-0.002 1.1 0.833333)
(0.002 1.1 0.833333)
(-0.002 0.99 0.866667)
(0.002 0.99 0.866667)
(-0.002 1.02667 0.866667)
(0.002 1.02667 0.866667)
(-0.002 1.06333 0.866667)
(0.002 1.06333 0.866667)
(-0.002 1.1 0.866667)
(0.002 1.1 0.866667)
(-0.002 0.99 0.9)
(0.002 0.99 0.9)
(-0.002 1.02667 0.9)
(0.002 1.02667 0.9)
(-0.002 1.06333 0.9)
(0.002 1.06333 0.9)
(-0.002 1.1 0.9)
(0.002 1.1 0.9)
(-0.002 0.99 0.933333)
(0.002 0.99 0.933333)
(-0.002 1.02667 0.933333)
(0.002 1.02667 0.933333)
(-0.002 1.06333 0.933333)
(0.002 1.06333 0.933333)
(-0.002 1.1 0.933333)
(0.002 1.1 0.933333)
(-0.002 0.99 0.966667)
(0.002 0.99 0.966667)
(-0.002 1.02667 0.966667)
(0.002 1.02667 0.966667)
(-0.002 1.06333 0.966667)
(0.002 1.06333 0.966667)
(-0.002 1.1 0.966667)
(0.002 1.1 0.966667)
(-0.002 0.99 1)
(0.002 0.99 1)
(-0.002 1.02667 1)
(0.002 1.02667 1)
(-0.002 1.06333 1)
(0.002 1.06333 1)
(-0.002 1.1 1)
(0.002 1.1 1)
)


// ************************************************************************* //
